0.9999978 0.0005272628 -0.002066935 -0.04690294 -0.0005296506 0.9999992 -0.0011548653 -0.02839928 0.0020663242 0.0011559579 0.9999972 0.8586942
0.99999774 0.000524099 -0.0020638146 -0.04505334 -0.0005264823 0.99999917 -0.0011543361 -0.027394706 0.0020632083 0.0011554194 0.9999972 0.85770816
0.9999977 0.0005222831 -0.0020660397 -0.043323502 -0.0005246749 0.99999917 -0.001156799 -0.026460402 0.002065435 0.0011578816 0.99999726 0.8589389
0.9999977 0.0005191916 -0.0020631745 -0.04148518 -0.0005215774 0.9999992 -0.0011564145 -0.025457464 0.0020625726 0.0011574866 0.9999972 0.8580509
0.99999774 0.0005173056 -0.0020651317 -0.03974676 -0.0005196988 0.9999991 -0.0011587361 -0.024513476 0.0020645324 0.0011598074 0.9999972 0.85916734
0.99999774 0.00051419955 -0.002062201 -0.037912652 -0.0005165897 0.9999992 -0.0011583081 -0.023507915 0.0020616027 0.0011593704 0.9999972 0.85823923
0.9999978 0.00051238906 -0.002064468 -0.036177423 -0.000514787 0.99999917 -0.0011608168 -0.02256132 0.0020638695 0.0011618761 0.9999972 0.8594819
0.99999774 0.0005092571 -0.0020613975 -0.034346387 -0.00051164906 0.99999917 -0.001160311 -0.021552576 0.002060806 0.0011613637 0.9999972 0.85848874
0.9999978 0.00050727435 -0.0020629948 -0.032596905 -0.0005096734 0.99999917 -0.0011624412 -0.020592643 0.0020623943 0.0011634902 0.9999972 0.85944223
0.99999774 0.0005049555 -0.002063226 -0.030822573 -0.00050735654 0.9999992 -0.0011638078 -0.019614609 0.002062642 0.0011648563 0.99999714 0.8598217
0.9999977 0.00050161505 -0.00205924 -0.028987728 -0.0005040103 0.99999917 -0.0011627965 -0.018595802 0.002058653 0.00116383 0.99999726 0.8584438
0.99999774 0.00049988105 -0.0020618865 -0.02725053 -0.0005022851 0.9999992 -0.0011655228 -0.017636804 0.0020613081 0.0011665599 0.99999714 0.8598194
0.9999978 0.00049734674 -0.0020612194 -0.025465284 -0.00049975293 0.9999992 -0.0011664022 -0.016644903 0.0020606422 0.0011674222 0.99999726 0.85981923
0.9999977 0.0006235579 -0.0020705117 -0.023723833 -0.0006261485 0.99999905 -0.0012507573 -0.01575354 0.0020697222 0.0012520483 0.99999696 0.8591212
0.9999972 -0.0014671794 -0.0018740618 -0.020831982 0.001467398 0.99999887 0.00011464763 -0.01278768 0.0018738952 -0.00011738787 0.9999983 0.8555214
0.9999948 0.0023215965 -0.0022352056 -0.021263778 -0.0023268783 0.9999946 -0.002362885 -0.01632294 0.0022297048 0.0023680609 0.9999947 0.86325073
0.99999815 0.0009487654 -0.001652921 -0.02055179 -0.00095309044 0.9999961 -0.0026168448 -0.014189836 0.0016504404 0.0026184258 0.9999952 0.87036633
0.9999911 0.0037226013 -0.0019990196 -0.02470821 -0.00372648 0.9999911 -0.0019400174 -0.01311432 0.001991779 0.0019474428 0.9999962 0.8811715
0.99999845 0.0011545985 -0.0013545124 -0.01973833 -0.0011541479 0.9999992 0.00033324375 -0.010742797 0.0013548883 -0.000331681 0.9999989 0.89163876
0.9999986 -0.0002992922 -0.0016062702 -0.01914289 0.00030198775 0.99999857 0.0016806386 -0.0117747085 0.001605777 -0.0016811196 0.9999974 0.90144217
0.99999887 0.00016877885 -0.0015211593 -0.014575594 -0.0001665602 0.9999989 0.0014605119 -0.012137308 0.0015214001 -0.0014602565 0.99999774 0.90596527
0.99999917 -0.000485789 -0.0011836959 -0.01693097 0.0004863456 0.99999976 0.00046631464 -0.0119979745 0.0011834691 -0.000466887 0.9999992 0.91281027
0.99999845 0.00023944998 -0.0017564448 -0.013489634 -0.0002405865 0.9999998 -0.00064747065 -0.012733225 0.0017562864 0.00064789125 0.9999982 0.9149109
0.999998 -0.0016795879 -0.0010540468 -0.012517789 0.0016783071 0.99999785 -0.0012163467 -0.012656713 0.0010560862 0.0012145741 0.99999875 0.91833484
0.9999997 -0.00031151174 -0.0007805667 -0.010368064 0.00031274802 0.9999987 0.0015828626 -0.01050112 0.0007800716 -0.0015831025 0.9999984 0.92857975
0.9999988 0.0015264356 -4.3900196e-05 -0.0133787505 -0.0015262516 0.99999106 0.0039318316 -0.013937543 4.990504e-05 -0.0039317627 0.99999225 0.9359486
0.9999995 0.0006268921 0.0008067119 -0.010749275 -0.0006298703 0.99999297 0.0036993283 -0.018350475 -0.0008043963 -0.0036998333 0.99999285 0.9370912
0.9999984 -0.0010560376 0.0014249348 -0.008116933 0.0010523492 0.99999607 0.002581543 -0.017157711 -0.0014276587 -0.0025800378 0.9999956 0.94381815
0.9999989 -0.0002516101 0.0014386373 -0.009376619 0.0002498967 0.9999993 0.0011956824 -0.01629523 -0.0014389355 -0.0011953233 0.9999983 0.9466928
0.9999992 0.00035166193 0.0011834699 -0.010161011 -0.0003486359 0.9999967 -0.002558043 -0.017292295 -0.0011843458 0.0025576304 0.9999961 0.94921756
0.9999988 0.0012317593 0.0009467036 -0.011663057 -0.0012267483 0.99998534 -0.005271331 -0.01714117 -0.00095319457 0.005270163 0.99998564 0.9530779
0.99999905 -0.0005630897 0.0012392998 -0.009804363 0.00056743517 0.99999356 -0.0035101897 -0.0133904945 -0.0012373176 0.0035108926 0.9999931 0.95989275
0.9999967 -0.0024648835 0.00071367086 -0.0088791745 0.0024640188 0.99999624 0.0012170982 -0.011641521 -0.0007166661 -0.0012153427 0.9999989 0.96975845
0.9999983 -0.0018930789 -0.00020987033 -0.01014619 0.0018940778 0.9999863 0.00489251 -0.0108014485 0.00020060294 -0.0048928997 0.999988 0.976918
0.9999937 -0.003406344 -0.0009432052 -0.010142277 0.003410137 0.99998605 0.0040503414 -0.015173363 0.000929397 -0.0040535284 0.9999914 0.9806595
0.99997014 -0.0076697124 -0.0010756638 -0.00146131 0.0076693096 0.99997056 -0.00037904872 -0.015722683 0.0010785427 0.00037078775 0.9999993 0.98049134
0.99999446 -0.002898484 -0.0016190383 -0.0073051173 0.0028921058 0.99998814 -0.003928376 -0.014172992 0.0016304018 0.0039236736 0.999991 0.9804426
0.9999983 0.0010029848 -0.0015609465 -0.013533452 -0.001009817 0.99998975 -0.0043823766 -0.015004161 0.0015565464 0.0043839416 0.9999892 0.9856218
0.999998 0.0006314239 -0.0019028407 -0.015142176 -0.0006338358 0.99999905 -0.0012670216 -0.023841398 0.001902028 0.0012682263 0.9999973 1.0129601
0.9999994 -0.00016118117 -0.0010625962 -0.016024739 0.00016345613 0.99999774 0.002140937 -0.04448498 0.0010622471 -0.0021411055 0.9999972 1.0593914
0.9999944 0.003184149 -0.001012434 -0.018996494 -0.0031809637 0.99999 0.0031331133 -0.03766491 0.0010224045 -0.003129884 0.9999946 1.0437845
0.9999991 0.0001940663 -0.0012934863 -0.016192311 -0.00019278786 0.99999946 0.0009882482 -0.040802553 0.0012936742 -0.000987992 0.9999987 1.045621
0.9999992 0.000767189 -0.0009928826 -0.013544603 -0.0007648983 0.9999971 0.002305737 -0.030897472 0.000994658 -0.0023049747 0.99999684 1.0345116
0.9999998 -0.00058263866 -5.60727e-05 -0.013487029 0.00058284897 0.99999243 0.0038242468 -0.033079375 5.3841184e-05 -0.0038242792 0.99999267 1.0372633
0.9999825 0.005898818 -0.00045774414 -0.0227403 -0.005898024 0.99998116 0.0017201017 -0.02698579 0.00046787693 -0.0017173727 0.99999833 1.0251703
0.99999994 0.00047090524 8.466509e-05 -0.018100329 -0.00047093103 0.9999999 0.0003057301 -0.029009262 -8.451601e-05 -0.00030576947 1.0 1.0242904
0.99999994 -0.00018667312 -0.00014450071 -0.014512361 0.00018641484 0.99999833 -0.0017814205 -0.024212396 0.00014483085 0.0017813942 0.9999984 1.0121267
0.9999969 0.0024517905 0.00023980248 -0.019773884 -0.0024511057 0.9999931 -0.0028139045 -0.027054543 -0.00024670048 0.0028133057 0.99999595 1.0073557
0.9999995 -0.00016919115 -0.00097396446 -0.01358784 0.0001690781 1.0 -0.00011401455 -0.027933983 0.000973984 0.00011385093 0.9999996 1.0031745
0.99999714 -0.002026268 -0.0013188452 -0.010469 0.0020282997 0.99999666 0.0015395911 -0.024650428 0.0013157206 -0.0015422616 0.9999979 1.0013385
0.9999996 0.00014544115 -0.0008738654 -0.014581653 -0.00014455842 0.9999995 0.0010104766 -0.028435413 0.00087400386 -0.0010103503 0.9999991 0.9971166
0.99999577 0.0028885365 -0.00026780603 -0.01903033 -0.0028891077 0.99999344 -0.0021726598 -0.028193653 0.0002615368 0.0021734266 0.9999977 0.9884507
0.99999946 0.0006998787 -0.0007387228 -0.017818857 -0.0007038935 0.999985 -0.005435253 -0.024546266 0.0007349164 0.0054357657 0.9999849 0.9800714
0.9999998 0.00045509488 -0.00046512176 -0.012930488 -0.00045546415 0.99999964 -0.0007970499 -0.017426787 0.000464746 0.00079725555 0.99999946 0.9842493
0.99999976 -0.00055948755 -0.00030878803 -0.010379624 0.00056049257 0.99999446 0.0032576192 -0.022977713 0.0003069724 -0.0032577824 0.99999475 0.98324186
0.9999959 -0.002877892 -0.00032106464 -0.0092341965 0.0028788752 0.99999106 0.003096468 -0.020738665 0.0003121447 -0.00309738 0.99999505 0.9788814
0.99999917 -0.0012670377 -0.00028673277 -0.010320826 0.001267285 0.9999988 0.00085962535 -0.022616882 0.00028564935 -0.0008599876 0.99999964 0.9722806
0.99999535 -0.0030214088 -0.0001856329 -0.0074736695 0.0030212433 0.99999505 -0.0008826386 -0.020768188 0.00018829314 0.0008820727 0.9999995 0.9651736
0.99999434 -0.0033347998 -0.00055011146 -0.003279769 0.0033338163 0.9999929 -0.0017807353 -0.01961678 0.0005560396 0.0017788942 0.99999833 0.9656465
0.99999815 -0.0014994141 -0.0012076576 -0.007910229 0.0015005219 0.99999845 0.0009170372 -0.017206471 0.0012062788 -0.0009188507 0.99999887 0.9608234
0.99999475 -0.0030444504 -0.0010973419 -0.00505543 0.0030491373 0.99998605 0.004294886 -0.015080349 0.0010842668 -0.004298208 0.9999902 0.9642035
0.99999815 -0.0019115459 -0.00047035675 -0.010945015 0.0019141302 0.9999828 0.005554243 -0.013328384 0.00045972536 -0.0055551315 0.99998444 0.9638758
0.99999875 0.0014402407 -0.00053671346 -0.015959306 -0.0014391572 0.99999696 0.0020146377 -0.019292198 0.000539608 -0.002013863 0.9999978 0.95401007
0.9999975 0.0016272634 -0.001523511 -0.011625057 -0.0016307267 0.99999607 -0.0022742567 -0.024179915 0.0015198105 0.0022767358 0.9999962 0.9432533
0.99999744 0.0016801037 -0.0015515721 -0.0058573782 -0.0016931957 0.9999627 -0.008475711 -0.023343923 0.0015372662 0.008478315 0.9999629 0.92702204
0.9999987 0.0011611275 -0.0011248118 -0.0040279683 -0.0011674843 0.99998325 -0.005667349 -0.019770354 0.0011182162 0.0056686644 0.9999834 0.9173346
0.99998605 0.005126113 -0.0012697313 -0.014302569 -0.005125143 0.9999865 0.0007661448 -0.015959248 0.0012736451 -0.0007596382 0.99999887 0.913559
0.9999948 0.0031051417 -0.0008434108 -0.00907985 -0.0031026816 0.99999094 0.0029044028 -0.0219065 0.000852424 -0.0029017664 0.99999535 0.9013022
0.9999955 0.002652725 -0.0013562549 -0.010042512 -0.0026503499 0.999995 0.0017462389 -0.024004016 0.001360879 -0.0017426391 0.9999976 0.8855803
0.9999992 0.00015083981 -0.0012348196 -0.0067259246 -0.00015194125 0.9999996 -0.0008897859 -0.02089716 0.0012346827 0.00088997575 0.99999875 0.8715222
0.9999977 0.0014340403 -0.0016335194 -0.009376113 -0.0014326193 0.99999857 0.00087525864 -0.01938843 0.0016347624 -0.00087291753 0.9999983 0.8578164
0.99999803 0.001306795 -0.0014884648 -0.008184982 -0.0013058323 0.9999989 0.0006408927 -0.022097943 0.0014893187 -0.00063894835 0.9999988 0.8458253
0.9999987 -0.0002885219 -0.0016222302 -0.005679473 0.00029013673 0.9999995 0.000999636 -0.020879338 0.0016219284 -0.001000105 0.99999815 0.83149093
0.9999988 -0.00045523228 -0.0014526934 -0.004566429 0.00045626573 0.9999996 0.0007136151 -0.01919767 0.0014523672 -0.0007142759 0.9999986 0.81937945
0.9999967 0.0021746398 -0.0013882136 -0.007607726 -0.0021715655 0.99999535 0.0022118583 -0.019504245 0.001393027 -0.0022088368 0.99999666 0.8072832
0.99999815 0.0015228539 -0.0011462165 -0.008033628 -0.0015174974 0.99998784 0.004656419 -0.018466866 0.0011532897 -0.0046546715 0.9999884 0.79677206
0.99999547 0.0023918198 -0.0018620371 -0.0030322457 -0.002388612 0.9999957 0.0017223179 -0.02639439 0.0018661373 -0.0017178614 0.99999684 0.7789591
0.99999326 0.0033021548 -0.0015555251 -0.009120628 -0.0033071854 0.99998933 -0.0032383625 -0.02861814 0.0015448247 0.0032434852 0.99999356 0.7560462
0.9999986 0.001130833 -0.0012317805 -0.005628329 -0.0011401068 0.9999708 -0.007558842 -0.027106324 0.0012231979 0.0075602327 0.9999707 0.7334668
0.9999985 -0.00072140625 -0.0015709056 -0.0050619207 0.00071236974 0.9999833 -0.005747645 -0.017336011 0.0015750304 0.005746518 0.9999823 0.7157751
0.9999995 0.0009016672 -0.000393618 -0.006387121 -0.0009025186 0.99999714 -0.0021639378 -0.016817946 0.0003916679 0.0021642952 0.99999756 0.6980613
0.9999974 0.0021628216 -0.0007677244 -0.00864146 -0.0021601988 0.99999195 0.0034120854 -0.019888902 0.0007750907 -0.0034104197 0.9999939 0.6796656
0.99999875 0.00097225455 -0.0012834588 -0.005208539 -0.0009678052 0.9999935 0.0034549853 -0.027338887 0.0012868039 -0.0034537388 0.99999315 0.6592491
0.9999949 -0.0028975436 -0.0013362904 0.0007585441 0.0028932798 0.9999908 -0.0031765567 -0.024743725 0.0013454899 0.0031726824 0.99999416 0.6334434
0.9999721 -0.007475557 -5.855839e-05 0.008387652 0.0074751866 0.9999599 -0.0049105235 -0.02093339 9.5268064e-05 0.004909938 0.99998796 0.61378956
0.99999124 -0.0041074897 0.0007975206 0.0044113495 0.0041119866 0.9999752 -0.0057368707 -0.020809785 -0.00077394623 0.0057400973 0.99998313 0.59638405
0.9999942 0.001721493 0.0029634305 -0.0022864128 -0.0017199606 0.99999833 -0.0005161215 -0.015798904 -0.0029643138 0.00051102514 0.9999955 0.58419234
0.9999779 0.005343123 0.0039364393 -0.005475939 -0.005355791 0.9999805 0.0032118112 -0.016151583 -0.0039191954 -0.0032328228 0.99998707 0.5723385
0.9999891 -0.00131293 0.0045046257 0.0037354485 0.0012988108 0.9999942 0.0031387825 -0.014616428 -0.004508734 -0.0031329002 0.9999849 0.5568207
0.9999747 -0.0047910963 0.005243683 0.015370316 0.0047702044 0.9999807 0.0039888765 -0.017568473 -0.0052626715 -0.003963763 0.9999783 0.54357916
0.9999593 -0.00460298 0.0077607385 0.013966758 0.0045686066 0.9999797 0.00444087 -0.02016781 -0.0077810334 -0.004405229 0.99996006 0.5314128
0.9999411 0.0028459725 0.010467382 0.0071801483 -0.0028387685 0.9999957 -0.00070264266 -0.018401096 -0.010469335 0.00067288626 0.9999449 0.5122646
0.9998735 0.0055822744 0.014897213 -0.00072585733 -0.0055779903 0.99998444 -0.0003299496 -0.016654702 -0.014898817 0.00024681672 0.999889 0.50174826
0.9998279 0.005097105 0.017836059 0.0046236864 -0.005110256 0.9999867 0.0006924036 -0.015124713 -0.017832298 -0.00078343396 0.9998407 0.4878407
0.9997665 -0.0014490309 0.021559985 0.021428546 0.0014344988 0.99999875 0.0006891946 -0.012489075 -0.021560954 -0.0006581086 0.9997673 0.47398195
0.99967176 -0.003741082 0.025343902 0.02855017 0.003710678 0.9999923 0.0012466176 -0.014305595 -0.025348373 -0.0011521641 0.9996781 0.45917085
0.99957955 -0.0014167721 0.02896346 0.031574797 0.0013648935 0.9999974 0.0018108627 -0.014016742 -0.028965946 -0.0017705689 0.9995788 0.45372024
0.9994709 -0.0004254151 0.032522105 0.03272623 0.00036809104 0.9999984 0.0017686569 -0.013753104 -0.032522805 -0.0017557502 0.99946946 0.4487686
0.99933463 -0.00021334887 0.036473565 0.037516333 0.00017487581 0.99999946 0.0010581998 -0.012798823 -0.036473725 -0.0010511178 0.9993341 0.4359268
0.99915123 2.8941044e-05 0.041192275 0.040601443 -3.7373517e-05 0.99999994 0.00020385857 -0.011096957 -0.04119236 -0.00020522522 0.9991512 0.43668073
0.99898666 -0.0003816413 0.045006506 0.046854008 0.00036679916 0.99999994 0.00033788587 -0.01287318 -0.045006666 -0.00032103658 0.9989866 0.42913672
0.9988106 0.0016814967 0.04872803 0.05153993 -0.0016211495 0.99999785 -0.0012779825 -0.01616505 -0.048730057 0.001197467 0.99881124 0.40960345
0.99854016 0.000146256 0.054014392 0.057606608 -2.6362723e-05 0.9999975 -0.002220217 -0.014424948 -0.054014593 0.0022155498 0.9985377 0.41238514
0.99834627 -0.0005484001 0.0574841 0.065012105 0.000628849 0.99999887 -0.0013815147 -0.009374234 -0.05748314 0.0014153813 0.9983455 0.391476
0.99816185 -3.1854306e-05 0.060604837 0.066245824 0.00010907138 0.9999993 -0.0012706842 -0.0054542036 -0.060604766 0.0012749542 0.99816096 0.3977054
0.99801415 -0.0006502204 0.06298659 0.06871005 0.0007524342 0.9999984 -0.0015991157 -0.0047084074 -0.06298552 0.0016433384 0.99801314 0.3908389
0.997919 -0.003015725 0.06440892 0.08153028 0.0031125357 0.99999416 -0.0014027173 -0.005284871 -0.06440423 0.0016002707 0.99792266 0.36967164
0.997936 -0.0011001183 0.06420536 0.07242468 0.0011339795 0.9999993 -0.0004910408 -0.0093580885 -0.06420489 0.0005628341 0.99793655 0.38033783
0.99797016 -0.0012279032 0.063671954 0.07938747 0.0011309336 0.99999815 0.0015590165 -0.0075527625 -0.06367375 -0.00148385 0.99796957 0.36496583
0.99800843 0.0011876414 0.0630691 0.07166101 -0.0013505826 0.9999958 0.0025410492 -0.003967488 -0.06306572 -0.00262116 0.998006 0.381477
0.99807096 -0.00091427297 0.06207668 0.07191499 0.000848942 0.99999905 0.0010786902 -0.0036663844 -0.062077645 -0.0010239129 0.99807084 0.37672505
0.99815077 -0.0031735518 0.060703624 0.08694604 0.0032313534 0.9999944 -0.0008540437 -0.0032183863 -0.060700666 0.0010486179 0.9981555 0.36583522
0.9983018 -0.0062226634 0.057920087 0.07688126 0.00627285 0.9999801 -0.0006848233 -0.004850166 -0.057914626 0.0010469918 0.99832094 0.3724546
0.9984598 0.0012550263 0.05546734 0.07563115 -0.0012070001 0.9999988 -0.00089925504 -0.008065997 -0.055468448 0.00083091046 0.9984601 0.36311686
0.9985159 0.0046520866 0.054261133 0.057764966 -0.0046220026 0.9999891 -0.0006799024 -0.00537047 -0.054263733 0.0004281007 0.9985265 0.37582016
0.9987264 0.0011215642 0.05044009 0.05827385 -0.0010520685 0.9999985 -0.0014043325 -0.0049062334 -0.050441515 0.0013494751 0.9987261 0.37662217
0.998914 -0.0060768765 0.046194404 0.07169933 0.0061194585 0.99998087 -0.00078046566 -0.0024051082 -0.046188846 0.0010623044 0.9989321 0.36958125
0.99900645 -0.015488448 0.04178694 0.07445864 0.015393888 0.99987817 0.0025837743 0.0014258451 -0.04182189 -0.0019379358 0.9991233 0.3812093
0.99929905 -0.0054626544 0.03703606 0.058794674 0.0053933556 0.9999835 0.0019709792 -0.0024491432 -0.037046157 -0.0017698575 0.9993119 0.3810847
0.99941385 0.0019951025 0.034176018 0.04226986 -0.0018974331 0.9999941 -0.0028900066 -0.0074771615 -0.034181565 0.0028234685 0.9994117 0.3832969
0.99942213 0.011739403 0.031898893 0.02022016 -0.011596716 0.99992186 -0.0046546706 -0.014040751 -0.031951055 0.0042820545 0.9994802 0.38780817
0.99955547 0.0060225665 0.029200241 0.026184253 -0.005934336 0.9999776 -0.0031074444 -0.015011722 -0.0292183 0.0029327825 0.9995688 0.39250228
0.9996609 -0.000806313 0.026027279 0.036931887 0.0008619617 0.9999974 -0.0021271529 -0.009251741 -0.02602556 0.0021488648 0.999659 0.40237883
0.9996974 -0.006135735 0.023818353 0.042567458 0.0061847884 0.9999789 -0.00198578 -0.004615782 -0.023805624 0.0021324984 0.9997143 0.40912217
0.99975973 -0.008257046 0.02030778 0.04563347 0.008413891 0.9999354 -0.007649987 0.010031634 -0.020243334 0.007819004 0.9997645 0.4215756
0.9998045 -0.0018737988 0.019685639 0.033792667 0.0020404027 0.9999623 -0.008446451 0.010293796 -0.019669058 0.008484972 0.99977064 0.42812482
0.99983835 0.002960164 0.017727772 0.021989254 -0.0029447763 0.9999952 -0.0008945917 0.001779949 -0.01773031 0.0008422336 0.9998424 0.4498402
0.9998748 0.0030190828 0.015541868 0.021238921 -0.0031033603 0.9999806 0.005401408 -0.006187882 -0.015525335 -0.0054489584 0.99986464 0.46789232
0.99989116 0.000107432694 0.014749625 0.027893953 -0.00016248014 0.999993 0.0037314356 -0.008630921 -0.0147491135 -0.0037334266 0.9998843 0.47459835
0.9999062 -0.0021789705 0.013522744 0.03060872 0.0021512106 0.9999956 0.0020666714 -0.007619392 -0.01352714 -0.0020373869 0.9999064 0.48683026
0.99992156 -0.0037424061 0.011963457 0.03270002 0.0037342606 0.9999928 0.0007036227 -0.00509345 -0.011965987 -0.0006588889 0.9999282 0.4971402
0.9999407 -0.0031841109 0.010409264 0.030487174 0.0031934283 0.9999945 -0.00087860983 -0.00650818 -0.010406401 0.0009117966 0.99994546 0.5141673
0.9999619 -0.0020858801 0.008474607 0.026825419 0.0020926085 0.9999975 -0.00078555837 -0.0067818468 -0.008472961 0.00080326764 0.9999637 0.52991647
0.9999802 -0.0016902791 0.0060515273 0.024338428 0.0016923669 0.9999985 -0.00033918704 -0.005111555 -0.0060509406 0.00034941584 0.99998164 0.5457058
0.99998206 -0.0013952786 0.005820843 0.02204762 0.0014025202 0.9999983 -0.00124024 -0.002753488 -0.005819084 0.0012483774 0.99998236 0.56372905
0.99998015 -0.0002969176 0.0063040974 0.020581713 0.00030314704 0.99999946 -0.0009877962 -0.00080623064 -0.0063038087 0.0009896883 0.99997956 0.583905
0.9999862 -0.0023532861 0.0047070333 0.020374559 0.0023537478 0.9999972 -9.4005874e-05 -0.0024832212 -0.0047068014 0.00010509127 0.999989 0.60300046
0.9999925 -0.001644759 0.00348811 0.026047181 0.001644385 0.9999987 0.00011443826 -0.0017022226 -0.0034882918 -0.00010870133 0.9999939 0.61900765
0.99999344 -0.0010269353 0.0034950979 0.022196112 0.0010257673 0.99999934 0.00033160314 -0.00313342 -0.0034954357 -0.00032802142 0.9999938 0.63947135
0.99999374 -0.0014711074 0.003223479 0.026600057 0.0014693411 0.9999988 0.0005505162 -0.0027147918 -0.0032242863 -0.0005457684 0.9999947 0.6544898
0.99998826 -0.004641629 0.0013332397 0.026271017 0.00464142 0.9999892 0.00016611615 -0.0029535065 -0.0013339919 -0.00015992469 0.99999917 0.6735025
0.9999921 -0.0039916756 -0.000116135416 0.029125253 0.0039916956 0.999992 0.00019749903 -0.0019948033 0.00011533241 -0.00019796863 0.9999999 0.6858272
0.9999966 -0.0018913595 -0.0017947147 0.02160942 0.0018915196 0.9999982 8.715161e-05 -0.0030162574 0.0017945523 -9.0542606e-05 0.99999833 0.7072133
0.9999919 -0.002488307 -0.003181895 0.019200342 0.0024872145 0.99999684 -0.00034562155 -0.004038514 0.0031827458 0.00033770793 0.99999493 0.723202
0.9999926 -0.00085648836 -0.0037270915 0.019876031 0.00085690385 0.9999996 0.00010908163 -0.0041177417 0.0037270004 -0.000112282774 0.999993 0.73907304
0.9999918 -0.001494767 -0.003756459 0.013119176 0.001501569 0.99999726 0.0018082657 -0.007819401 0.003753749 -0.001813884 0.99999136 0.7592937
0.99999255 5.410909e-06 -0.003857714 0.011579954 4.3347245e-07 0.9999988 0.0015127328 -0.009440739 0.0038577148 -0.0015127286 0.99999136 0.7719195
0.9999885 0.002701859 -0.003985893 0.006457339 -0.0026925642 0.9999937 0.0023359414 -0.008026798 0.003992169 -0.0023251814 0.9999893 0.7881064
0.9999916 0.00096768996 -0.0039808196 0.008026888 -0.0009630587 0.9999988 0.0011671887 -0.009003533 0.0039819507 -0.0011633446 0.9999915 0.79546535
0.9999889 0.0024511197 -0.00401834 0.0059232395 -0.0024537728 0.99999684 -0.0006566218 -0.012283282 0.0040167165 0.00066646835 0.99999166 0.803418
0.9999923 0.0020071105 -0.0033811077 0.005554392 -0.0020180359 0.9999927 -0.0032296004 -0.015268741 0.0033745996 0.0032364074 0.99998903 0.8053817
0.99998343 0.0055733607 -0.001369018 0.003438363 -0.005581296 0.9999672 -0.005864184 -0.013315627 0.0013362952 0.0058717295 0.9999819 0.810568
0.99999654 0.0026243844 0.00031714648 0.010170668 -0.002623454 0.9999924 -0.002876352 -0.007863011 -0.00032468748 0.002875498 0.9999958 0.8157175
0.999997 0.0024287717 -8.491742e-05 0.009536827 -0.002428768 0.9999971 9.753738e-05 -0.0133626135 8.515733e-05 -9.732365e-05 1.0 0.8197978
0.999996 0.0028207684 0.00017636816 0.008870036 -0.0028212601 0.99999195 0.0028460124 -0.016020257 -0.00016834588 -0.0028464966 0.99999595 0.82026786
0.99999964 -0.0008858412 0.00017009454 0.014090733 0.00088574924 0.99999946 0.00054615 -0.016339649 -0.0001705811 -0.00054599356 0.9999999 0.8188608
0.9999974 0.002287839 -0.00015761536 0.012862289 -0.0022876356 0.99999654 0.0012853108 -0.017512316 0.0001605527 -0.0012849466 0.99999917 0.8191411
0.99999845 0.0017027007 0.0003355596 0.015184509 -0.001702732 0.99999857 8.392598e-05 -0.021954563 -0.00033541344 -8.4505264e-05 0.99999994 0.8169878
0.9999968 0.0025316204 -8.296403e-05 0.010784616 -0.0025316763 0.99999654 -0.00066756987 -0.018374052 8.127865e-05 0.00066777936 0.9999997 0.81385833
0.9999946 0.0030256354 0.0013154743 0.011962233 -0.0030242573 0.99999493 -0.0010483726 -0.017345028 -0.0013186379 0.001044388 0.9999987 0.8124324
0.99999195 0.0029300197 0.0027484384 0.011239054 -0.0029303331 0.9999957 0.000112686525 -0.016693829 -0.0027481038 -0.00012073853 0.9999962 0.8133142
0.9999885 0.0027115631 0.003951361 0.013822726 -0.0027174645 0.9999951 0.0014880066 -0.016869482 -0.003947296 -0.0014987265 0.9999911 0.8115434
0.9999852 0.002185676 0.004980704 0.014017904 -0.0021988442 0.9999941 0.0026384348 -0.01896713 -0.0049749245 -0.0026493429 0.999984 0.81342185
0.9999775 0.0022096478 0.0063214516 0.017531753 -0.0022254256 0.99999446 0.0024910423 -0.019618392 -0.006315909 -0.0025050603 0.99997693 0.8126971
0.99997133 0.0006723841 0.007543109 0.022003986 -0.0006727106 0.99999976 4.0759107e-05 -0.020402573 -0.0075430735 -4.58283e-05 0.9999716 0.8074276
0.9999608 0.0007060488 0.0088338815 0.022905216 -0.0006971465 0.99999934 -0.0010100902 -0.01859319 -0.008834589 0.0010038841 0.9999604 0.8020379
0.9999488 -0.0003709891 0.010109138 0.028034175 0.00037903327 0.9999996 -0.000794236 -0.017204357 -0.010108841 0.0007980344 0.9999486 0.80122846
0.99994665 -0.0009471935 0.010280475 0.027048392 0.000938296 0.99999917 0.0008697274 -0.01758435 -0.010281286 -0.0008600371 0.9999467 0.7975535
0.99994075 0.0011939028 0.010823968 0.024791325 -0.0012102118 0.99999815 0.0015002224 -0.018466892 -0.010822157 -0.0015132393 0.99994034 0.79220074
0.99993646 -0.0011963821 0.011205115 0.028657861 0.0011888001 0.99999905 0.0006830557 -0.015504558 -0.011205923 -0.0006696891 0.99993694 0.7918218
0.9999378 -0.00021639324 0.01115405 0.028470712 0.00021658694 1.0 -1.5802947e-05 -0.016505051 -0.0111540435 1.8222907e-05 0.99993783 0.7867016
0.99993813 -1.0852816e-05 0.011123417 0.02657421 1.796782e-05 0.9999998 -0.00063943473 -0.017534468 -0.011123416 0.00063958607 0.99993795 0.77970386
0.9999418 0.00045926383 0.010773727 0.025949804 -0.0004469228 0.9999993 -0.001147742 -0.01641306 -0.010774241 0.0011428657 0.9999413 0.77588534
0.9999462 -0.000633113 0.010357753 0.026188105 0.00064355787 0.9999992 -0.001005491 -0.015035493 -0.010357104 0.0010121001 0.9999459 0.7691566
0.9999534 -0.00071618153 0.009625628 0.025901292 0.0007231348 0.99999946 -0.0007193696 -0.015139104 -0.009625112 0.0007263012 0.9999533 0.76132864
0.99995303 -0.000500772 0.009680095 0.027795482 0.0005047201 0.9999998 -0.00040465762 -0.016104896 -0.009679886 0.00040952396 0.9999531 0.75426114
0.9999541 -0.00042745937 0.009582014 0.024455732 0.0004282411 0.9999999 -7.9776226e-05 -0.01426963 -0.009581983 8.387234e-05 0.99995404 0.74694335
0.99996126 -0.0013021593 0.008702667 0.027019806 0.001299314 0.9999991 0.00033261374 -0.015499222 -0.0087030865 -0.0003212951 0.99996215 0.73987836
0.99997103 -0.0014952964 0.0074637197 0.025584808 0.0014846453 0.9999979 0.0014329468 -0.015431625 -0.0074658585 -0.0014218184 0.99997115 0.73232573
0.99998134 -0.002764881 0.005439593 0.024627814 0.0027555577 0.99999475 0.0017214663 -0.018207712 -0.0054443288 -0.0017064521 0.99998367 0.7234034
0.9999875 -0.0030205117 0.0040115733 0.023019267 0.0030122097 0.99999326 0.002072891 -0.014964574 -0.0040177037 -0.0020607796 0.9999898 0.7177018
0.9999943 -0.0017167511 0.0029091325 0.019282915 0.001712647 0.9999976 0.001413473 -0.015244832 -0.002911691 -0.0014084738 0.9999948 0.70580024
0.99999815 -0.00046811823 0.0018529407 0.016252242 0.00046667896 0.99999946 0.00077365397 -0.016064202 -0.0018532954 -0.00077279244 0.999998 0.69067055
0.9999994 -0.00041676918 0.0010037906 0.0147788115 0.00041684834 1.0 -7.354822e-05 -0.01577967 -0.0010037639 7.396463e-05 0.99999946 0.67744726
0.9999992 -0.0010458837 -0.0007452027 0.014386882 0.0010450701 0.9999988 -0.0010905586 -0.015588953 0.00074636017 0.0010897852 0.99999917 0.6594951
0.99999565 -0.0011826473 -0.00270727 0.011991986 0.0011795702 0.9999986 -0.0011371952 -0.014759446 0.002708589 0.0011339942 0.9999957 0.64311695
0.99998766 -0.000105153784 -0.0049637747 0.0060431045 0.000101339436 0.99999976 -0.0007697829 -0.014190027 0.004963899 0.00076926994 0.99998736 0.62416196
0.99997187 0.00060810597 -0.007470487 0.0009404982 -0.0006122259 0.99999964 -0.00054760044 -0.013990951 0.0074701617 0.0005521525 0.9999719 0.6048166
0.9999395 0.0008799744 -0.010963529 -0.0035262976 -0.0008831922 0.9999996 -0.000290018 -0.014574165 0.010963269 0.0002996841 0.9999399 0.5848678
0.9999084 0.00028489987 -0.013530069 -0.0062680948 -0.000286298 0.99999994 -0.000101179874 -0.0145662865 0.013530026 0.00010504837 0.9999084 0.56420845
0.9998631 0.0009714782 -0.016523365 -0.0118213445 -0.0009920542 0.99999875 -0.0012367353 -0.013586478 0.016522152 0.0012529556 0.99986273 0.5434856
0.9997841 0.0010347533 -0.020752484 -0.022662178 -0.0010903662 0.99999577 -0.0026684175 -0.01736219 0.020749634 0.0026904794 0.9997811 0.5350178
0.99970967 0.0014497829 -0.024050854 -0.026165722 -0.0015233468 0.9999942 -0.0030408744 -0.015736785 0.024046311 0.0030766171 0.99970615 0.52725786
0.99961615 0.0013460632 -0.027671704 -0.022523763 -0.001393406 0.9999976 -0.0016918216 -0.011803845 0.027669357 0.0017297262 0.99961567 0.523309
0.99946415 0.0010570302 -0.032716855 -0.032905914 -0.0010468595 0.9999994 0.00032796603 -0.0106055485 0.032717176 -0.00029353308 0.9994646 0.52405494
0.99929726 0.00033588137 -0.037481196 -0.037175797 -0.00024449613 0.99999696 0.002442865 -0.010279637 0.037481908 -0.002431979 0.99929434 0.52065605
0.99913853 0.0011581157 -0.041483466 -0.033944756 -0.0010076985 0.99999285 0.0036469605 -0.012606552 0.04148738 -0.0036020165 0.9991325 0.5128082
0.99899304 0.0021270248 -0.044813517 -0.04883719 -0.0019011868 0.9999853 0.005081448 -0.012768256 0.044823762 -0.00499114 0.9989825 0.5116576
0.9988168 0.00362741 -0.04849705 -0.05264789 -0.0034289856 0.99998546 0.004173912 -0.015771898 0.048511382 -0.004002671 0.99881464 0.5135608
0.9986455 0.0033033427 -0.051926542 -0.04872555 -0.0031789835 0.99999183 0.002477325 -0.01879327 0.051934265 -0.0023088874 0.9986478 0.49460846
0.9984109 0.0008000918 -0.056347672 -0.061843935 -0.00077261124 0.9999995 0.00050949655 -0.014348444 0.056348056 -0.0004651567 0.9984111 0.49516705
0.99813145 -0.0030308077 -0.061028276 -0.062080547 0.002931124 0.9999943 -0.0017228117 -0.015494506 0.061033197 0.0015407145 0.99813455 0.4899064
0.9979098 -0.0016837982 -0.06459963 -0.05055 0.0014258218 0.99999076 -0.0040393625 -0.014576785 0.0646058 0.0039388044 0.99790305 0.46286377
0.99777156 -0.0027752186 -0.06666463 -0.06936591 0.0024235959 0.9999827 -0.0053549856 -0.013629415 0.066678375 0.0051814886 0.9977611 0.47487488
0.9976959 0.0021170473 -0.06781203 -0.06273393 -0.0023646816 0.9999908 -0.0035716493 -0.007491343 0.06780387 0.003723763 0.9976917 0.45141327
0.9976697 0.0020372374 -0.068197586 -0.08025956 -0.002210494 0.9999945 -0.0024651405 -0.0067583504 0.0681921 0.002610151 0.9976688 0.47063708
0.9976535 -0.0005462222 -0.06846425 -0.07696024 0.00042432023 0.99999833 -0.0017949296 -0.0063291066 0.068465196 0.0017616592 0.99765193 0.46988648
0.997699 -0.0017303557 -0.06777676 -0.06380859 0.001768223 0.99999833 0.0004985248 -0.007954113 0.0677758 -0.0006172203 0.9977004 0.4478029
0.99774057 -0.00016162512 -0.06718459 -0.07564373 0.0004986786 0.99998736 0.0050000898 -0.007916288 0.067182966 -0.0050222906 0.99772805 0.47137317
0.9977518 -0.00019718824 -0.06701736 -0.077776745 0.0006640414 0.9999756 0.006944058 -0.010572702 0.06701433 -0.0069729467 0.99772763 0.47148246
0.99787915 0.00095546356 -0.06508669 -0.07514013 -0.000574625 0.9999826 0.005869768 -0.012108801 0.06509114 -0.005819912 0.9978624 0.4507306
0.9981056 0.00066130393 -0.061520994 -0.07407037 -0.00024713026 0.99997735 0.006739505 -0.010186937 0.061524056 -0.006711532 0.998083 0.47538823
0.9984074 0.0032452617 -0.056321688 -0.07189098 -0.0029441102 0.9999808 0.005429232 -0.015037689 0.05633833 -0.005254773 0.99839795 0.4766474
0.9987123 0.0030752837 -0.050637733 -0.06606929 -0.0029313923 0.99999154 0.0029155747 -0.013290177 0.050646238 -0.0027633768 0.99871284 0.46519518
0.9990601 0.007596409 -0.04267515 -0.0680773 -0.0074885553 0.99996835 0.002686637 -0.008390524 0.04269413 -0.002364542 0.9990854 0.4860439
0.99929696 0.0041178605 -0.03726653 -0.056740403 -0.0041920724 0.99998933 -0.001913587 -0.0054963804 0.03725832 0.0020684665 0.99930346 0.47593993
0.99947494 0.0020955773 -0.03233257 -0.043211453 -0.0021322144 0.9999971 -0.0010987173 -0.0042036804 0.032330107 0.0011670794 0.9994766 0.48972172
0.9997066 -0.0061091976 -0.023440327 -0.021388698 0.0060978336 0.99998134 -0.00055647164 -0.0070331544 0.023443356 0.00041337908 0.999725 0.49192798
0.9998594 -0.0030068543 -0.01649374 -0.016323213 0.0030163396 0.9999953 0.00055026385 -0.011456985 0.016492004 -0.00059994357 0.9998638 0.4956721
0.9999088 0.0040242616 -0.012889741 -0.020517124 -0.0040311296 0.9999918 -0.0005059306 -0.0060537714 0.0128876455 0.0005578528 0.99991685 0.50687385
0.9999346 0.005667822 -0.009935253 -0.019082133 -0.0056660245 0.99998385 0.00020844967 0.00055895484 0.00993621 -0.00015214772 0.9999506 0.5178733
0.99995756 0.00698401 -0.005997339 -0.016590135 -0.0069925473 0.99997455 -0.0014025245 -0.0076702754 0.0059874547 0.0014444016 0.99998105 0.52535933
0.99997956 0.00570201 -0.002893266 -0.0106748305 -0.0057133627 0.99997604 -0.0039305417 -0.012050295 0.0028707716 0.0039469907 0.9999881 0.53580993
0.99999905 0.0012059077 -0.0007377606 -0.0008434179 -0.0012073703 0.9999973 -0.0019841164 -0.01390558 0.00073537626 0.0019850049 0.9999978 0.5456687
0.999996 -0.0015053337 0.0024086637 0.0064527974 0.0015123135 0.9999946 -0.002895303 -0.010855158 -0.0024043638 0.0028989334 0.99999285 0.5563891
0.99998486 -0.0034205623 0.0042895037 0.011128434 0.003450202 0.9999702 -0.006920972 -0.0058881366 -0.0042656567 0.0069356686 0.99996686 0.5644666
0.99999005 -0.0012643371 0.0042711087 0.007130619 0.0012859085 0.9999864 -0.0050548436 -0.0029700017 -0.00426468 0.005060287 0.99997807 0.5765216
0.99997663 0.005153388 0.0044952575 -0.0018671623 -0.0051577347 0.9999862 0.0009587898 -0.005071255 -0.0044901883 -0.0009819502 0.9999895 0.59765255
0.9999735 0.0045557814 0.00568782 -0.003950232 -0.0045782398 0.99998176 0.0039411406 -0.0069496543 -0.0056697396 -0.003967068 0.9999761 0.60881984
0.9999863 -0.0019905108 0.0048433496 0.008742422 0.00196786 0.99998707 0.0046780845 -0.008655636 -0.004852795 -0.0046685017 0.9999773 0.6232881
0.999988 -0.0032082887 0.0037152807 0.011023907 0.003186034 0.9999771 0.005980146 -0.009900833 -0.0037342343 -0.005968232 0.9999752 0.63334996
0.9999927 -0.0015481014 0.0034852778 0.007663622 0.0015312277 0.9999872 0.0048374715 -0.011851715 -0.0034926825 -0.004832098 0.99998224 0.646559
0.9999858 -0.004301135 0.00312289 0.0077368147 0.004297842 0.99999017 0.001064302 -0.010960047 -0.003127435 -0.001050867 0.9999946 0.6526811
0.99999 -0.00443288 0.0005666988 0.008726134 0.0044343495 0.9999867 -0.0026234407 -0.012873771 -0.0005551083 0.0026259294 0.99999636 0.66166306
0.9999971 -0.0023969165 -0.00034479695 0.003890204 0.0023947374 0.99997824 -0.006156985 -0.012976106 0.0003594951 0.0061561423 0.9999809 0.6659353
0.9999997 -0.00026061773 -0.0007198939 -0.0019818265 0.00025494816 0.99996895 -0.007872405 -0.009862956 0.0007219511 0.007872223 0.9999688 0.6786967
0.9999936 0.0026879332 -0.0023239427 -0.0047035916 -0.0026986995 0.9999855 -0.0046437043 -0.0047423346 0.0023114053 0.0046499404 0.9999865 0.6929162
0.99999666 -0.00041303356 -0.0025583743 -0.0015780209 0.0004239703 0.9999909 0.004277167 -0.0017898139 0.0025566556 -0.004278238 0.99998754 0.71358806
0.9999944 -0.0028897915 -0.0017161705 0.0026094627 0.0029023443 0.99996865 0.007355757 -0.00896476 0.001694837 -0.007360693 0.99997157 0.7297606
0.99999446 0.0020839917 -0.0025977546 -0.0030121172 -0.0020660749 0.99997425 0.0068820803 -0.015357014 0.002611925 -0.0068766805 0.99997294 0.73941785
0.99999315 0.0031835795 -0.0018752161 -0.0076310183 -0.0031849432 0.99999464 -0.00072540424 -0.016377721 0.0018729059 0.00073138095 0.999998 0.7430715
0.9999853 0.0051040943 -0.0018430761 -0.011623431 -0.0051126597 0.999976 -0.004671753 -0.014013918 0.0018192789 0.0046810955 0.99998736 0.7488232
0.99999285 -0.00032435212 -0.0037738339 -0.0037749035 0.00030357094 0.99998486 -0.0055045127 -0.009726899 0.0037755307 0.0055033276 0.99997777 0.76119214
0.9999902 -0.0015705839 -0.0041398904 -0.002687669 0.0015574943 0.99999374 -0.003164856 -0.00799442 0.0041448604 0.0031583747 0.9999864 0.77372944
0.9999912 -0.0016465288 -0.0038497986 -0.0009598023 0.0016522041 0.9999976 0.0014722175 -0.008612816 0.003847383 -0.0014785602 0.9999915 0.78941184
0.9999848 -0.0041628955 -0.0036317848 0.0026049742 0.0041680275 0.99999034 0.001406031 -0.012459568 0.0036258306 -0.0014211454 0.99999243 0.7978995
0.99999785 -0.00089564605 -0.001869359 0.0014753628 0.00090112974 0.99999523 0.0029368182 -0.013146345 0.0018667373 -0.002938501 0.99999386 0.8117265
0.9999954 -0.0025308435 -0.0016035083 0.0005224943 0.002535093 0.9999932 0.0026527296 -0.011049102 0.0015967566 -0.0026567825 0.9999952 0.8305308
0.9999866 -0.005140419 -0.00066078996 0.006065972 0.005141246 0.999986 0.0012593037 -0.0123966485 0.0006542966 -0.001262678 0.99999905 0.83113146
0.99999934 0.0009233645 -0.0006653231 -0.00081907964 -0.0009223826 0.99999845 0.0014610915 -0.015677925 0.0006667549 -0.0014604751 0.9999987 0.8402486
0.9999895 0.0045660185 0.0005806266 -0.006537182 -0.0045648497 0.9999876 -0.001985242 -0.017257473 -0.00058974704 0.0019825732 0.9999979 0.8389226
0.9999842 0.005567562 0.0006282388 -0.007438569 -0.005565551 0.9999795 -0.0031867211 -0.015335555 -0.00064593204 0.003183171 0.99999475 0.84375733
0.999971 0.007587428 0.00074173656 -0.008095246 -0.007586292 0.9999701 -0.0015185743 -0.011406526 -0.00075324625 0.0015128932 0.99999857 0.84905726
0.99996865 0.0074194875 0.0027501567 -0.009908127 -0.007421746 0.99997216 0.00081234484 -0.014179715 -0.0027440372 -0.0008327202 0.9999958 0.8562402
0.99998814 0.0035979806 0.0032728452 -0.005047532 -0.0036070084 0.9999896 0.0027557716 -0.016433999 -0.0032628977 -0.0027675454 0.9999908 0.86134416
0.9999968 0.00036396104 0.00251715 0.001198893 -0.00036279377 0.9999999 -0.00046371677 -0.017241657 -0.002517368 0.0004627993 0.9999967 0.8614188
0.9999973 -0.0009531642 0.002082584 -0.0010751428 0.00095997175 0.9999942 -0.0032733893 -0.012518071 -0.00207935 0.0032753807 0.99999243 0.8638092
0.999973 -0.007300292 0.0009390794 0.0025642063 0.007299248 0.9999727 0.0011157986 -0.000771989 -0.00094729534 -0.0011089094 0.999999 0.88001794
0.99997616 -0.00690117 0.00031758426 0.0063229133 0.0069012623 0.99997616 -0.00030071422 -0.008435256 -0.00031538625 0.00030289093 0.9999998 0.87320405
0.999998 -0.001312135 0.0015214797 -0.00051471335 0.0013120215 0.9999991 7.779166e-05 -0.011066995 -0.00152168 -7.579264e-05 0.9999988 0.8713936
0.99999213 0.003812614 0.0010652054 -0.00877246 -0.0038144116 0.99999136 0.0016958015 -0.008472767 -0.0010586786 -0.0016998458 0.99999803 0.87409705
0.9999961 0.0026129296 0.0009361166 -0.008756144 -0.002618005 0.99998176 0.00545041 -0.0081908675 -0.000921899 -0.005452849 0.9999847 0.87487596
0.9999876 0.004880292 0.0010393698 -0.005867881 -0.0048861247 0.9999717 0.005699369 -0.017840452 -0.0010114969 -0.0057043717 0.9999832 0.8694792
0.9999976 -0.0017723995 0.0012946808 0.0071157357 0.0017797278 0.9999823 -0.005685769 -0.030234065 -0.0012847121 0.00568806 0.999983 0.8465972
0.999977 -0.006757539 0.00048672946 0.018165756 0.0067636655 0.99988014 -0.013928221 -0.028854752 -0.00039251678 0.013931187 0.99990284 0.8364247
0.9999797 -0.006366493 -0.00035564054 0.019111685 0.0063624997 0.999927 -0.010274746 -0.017653912 0.00042115577 0.010272278 0.9999472 0.8384457
0.9999995 -0.00044680524 -0.000904718 0.009945637 0.00045167864 0.9999854 0.0053932653 -0.007943025 0.00090223365 -0.0053936657 0.9999851 0.85343355
0.9999988 -0.0008947991 -0.0012615034 0.0065462347 0.00092301075 0.9997456 0.022536514 -0.009131771 0.001241081 -0.022537654 0.9997452 0.86986023
0.99999875 0.0009794153 -0.0012770917 0.006888144 -0.00095527165 0.9998233 0.018774739 -0.029724235 0.0012951666 -0.018773494 0.9998229 0.8611199
0.99999887 0.0013610796 -0.000588986 0.008099204 -0.001365034 0.99997616 -0.0067664287 -0.028251749 0.0005797583 0.006767225 0.9999769 0.8324873
0.9999898 0.004352043 -0.0011609353 0.006562033 -0.0043699937 0.9998633 -0.015941279 -0.015235189 0.0010914489 0.015946187 0.99987227 0.81954575
0.9999989 -0.0010308829 -0.001054 0.01380824 0.0010209843 0.9999559 -0.009344274 -0.00233264 0.0010635428 0.00934319 0.9999558 0.8234508
