0.9999956228065107 -0.00014117012032579992 -0.002955408243899919 -0.004330987034799229 0.00013567419245328922 0.9999982614876869 -0.001859734859839942 -0.011567597159196004 0.0029556656449075142 0.0018593257467504017 0.9999939034549514 0.6619911219036844
0.99999658696742 -0.0006433987116713951 -0.0025322107087211946 -0.004240958925648415 0.000640909267089051 0.9999993106863645 -0.0009837997758675742 -0.013708308659698396 0.0025328419387916964 0.0009821735006898236 0.9999963100163662 0.8377220886611899
0.9999828832675991 0.00023257425867506708 -0.005846287744122552 -0.008808437553226293 -0.00024017914257476426 0.9999991259782728 -0.0013001371608118465 -0.015362726860067268 0.005845980255897882 0.0013015190631157044 0.9999820651203194 0.8678172261132038
0.9999951905845209 -0.00043138144778218947 -0.0030712731749365043 -0.0038535380006339943 0.0004290238423922452 0.9999996128661126 -0.0007682488213233289 -0.010928856353392599 0.0030716033941956453 0.0007669274772199992 0.9999949885254016 0.6322744330790615
0.9999865467853682 0.00011992896877436517 -0.00518573685134581 -0.007249393443175526 -0.00012709216500030678 0.9999990383163703 -0.0013810191941301148 -0.013685995187656563 0.005185566240108477 0.0013816596814733267 0.9999856003567077 0.7693505913674461
0.9999781360868001 -5.333631968343135e-05 -0.006612450340714015 -0.008406923404036022 5.2882598625691775e-05 0.9999999962356145 -6.879099449524543e-05 -0.013756572884091897 0.006612453984881018 6.843980686470206e-05 0.9999781351430603 0.7832323185136649
0.9999925056965757 -0.00042718888403944603 -0.003847864143033246 -0.0052658270130084405 0.0004268575066481862 0.9999999051169797 -8.694065175042138e-05 -0.012954100476824706 0.003847900918020881 8.529751029090507e-05 0.9999925931630713 0.764752459201808
0.9999976310018758 0.0016890690715487904 -0.001372966153428909 -0.006305240074136039 -0.001686201922403255 0.99999640105013 0.002086770108453974 -0.014197201897499886 0.00137648591122744 -0.002084450066610076 0.9999968801721971 0.8404971242980468
0.999998638233287 0.0011543288060876472 -0.0011794305507174278 -0.005679164186036128 -0.0011520504255816172 0.9999974727402671 0.0019306197471861395 -0.015288720465115166 0.0011816561401044564 -0.0019292583545871002 0.9999974408220637 0.9369278585407855
0.9999977812772703 -0.0016770259249242136 -0.001274764425601414 -0.002000354934704793 0.0016817330955097632 0.999991738922914 0.0037005214250956935 -0.012513895512110303 0.0012685480239683345 -0.003702657028305106 0.9999923405286678 0.9208647890121802
0.9999430754759628 -0.0020872798562421558 -0.010463702144158656 -0.016671892619107457 0.002090146794911404 0.9999977810400897 0.000263060760992259 -0.014620378514741366 0.01046312984415592 -0.0002849164614022239 0.9999452193639706 1.1115014129286518
0.9999967314671061 -0.0025368990042936783 0.0003181161249406963 0.0015434643792065657 0.0025366362572582864 0.9999964435335915 0.000823647940397513 -0.010861288349738799 -0.0003202045054277256 -0.0008228383032966656 0.9999996102029843 0.8365458440816724
0.9999987117294059 -0.0010860196240077876 -0.0011819903123248083 -0.0025386739055006688 0.0010856306973084193 0.9999993563729552 -0.00032963580076341597 -0.014349052752637688 0.0011823475424854362 0.00032835217123278854 0.9999992471193434 0.901324253444085
0.9999994310510988 -0.0005482069832250262 -0.0009150772465911022 -0.0029330779242711 0.0005504419163954012 0.9999968622246194 0.0024438808125633684 -0.013370838029319146 0.0009137346225028332 -0.00244438311908828 0.9999965950336629 0.8829507013559462
0.9999989786694337 -0.0005312804559993449 -0.0013268010293303256 -0.0032724810698423878 0.0005318701526411253 0.999999759928353 0.00044413661318669253 -0.014514055455565224 0.0013265647496780509 -0.0004448418455098035 0.9999990211702761 0.8918023079259875
0.9999920377488863 -9.822877116490554e-05 -0.003989334500482393 -0.006380408933718452 9.484562712491366e-05 0.9999996357570995 -0.0008482275443591951 -0.014610659505752542 0.003989416367745908 0.0008478424196215835 0.9999916828254556 0.850227634719118
0.9999921164700082 -0.0013657609739332803 -0.0037284976308755344 -0.005972261961974373 0.0013622858462007754 0.9999986355120596 -0.0009344256286607873 -0.01360680765163907 0.0037297687454592534 0.0009293389824697378 0.999992612549694 0.9707809935169723
0.9999991574222971 -0.00021088197010585586 -0.0012808917355612189 -0.003944768364496457 0.0002104853986760161 0.9999999298807861 -0.0003097326784146355 -0.014700819517391826 0.001280956962777812 0.00030946280845681336 0.999999131690714 0.9163282027556547
0.999995552763815 0.0023140792022259427 -0.001881352887016359 -0.008117222359754176 -0.0023107452438055186 0.9999957596007222 0.0017723531542710995 -0.01609843318841743 0.001885446275524609 -0.0017679979443002431 0.9999966596317186 0.9506018610084975
0.9999980379270413 -0.0019329422807522103 -0.00043344662079581394 -0.0006272246939392271 0.0019334392324544772 0.9999974707578888 0.001149038841127064 -0.012362511371931924 0.00043122449861378374 -0.001149874629380624 0.999999245916555 0.8670974212448239
0.999999086754523 -0.0008145048201338104 -0.001078458019407652 -0.002616283134268172 0.0008161197010913886 0.9999985452624913 0.0014978054037774822 -0.014064420045076574 0.0010772364806004243 -0.0014986841869030689 0.999998296751889 0.8902536348560973
0.9999988502681916 -0.0012258568743795273 -0.0008926014288631557 -0.0016718588150214397 0.0012257818712956947 0.9999992451531268 -8.456974253550995e-05 -0.012021364496598977 0.0008927044254818705 8.347551069717001e-05 0.9999995980552593 0.7749260146960255
0.9999975318674331 -0.0009135163177749307 -0.0020252772087168748 -0.0027832310695630165 0.0009154914410718261 0.9999991060892227 0.0009745237113842151 -0.012200732801451349 0.0020243851551306423 -0.0009763754297834239 0.999997474275098 0.7339630729466294
0.9999986045627998 -0.0010994559164668278 -0.001257803281294092 -0.0020625233779196467 0.0011013981205210592 0.9999982007584766 0.0015444746452167363 -0.012330551288947918 0.001256102936387291 -0.0015458578321924604 0.9999980162624872 0.7815394995012782
0.9999979551854955 -0.0018470560377948266 -0.0008234129556650016 -0.0006638896430556385 0.0018493981574413357 0.9999942206811073 0.0028527760253855556 -0.011247568168816224 0.0008181389598129954 -0.0028542930103631074 0.9999955918203911 0.7659211636137114
0.9999980201335218 -0.0019290369155388733 -0.0004884116275462565 -0.0006696982139087654 0.0019305299448515055 0.999993408334173 0.003075116801734875 -0.012708756774873197 0.0004824763947238837 -0.003076053606614935 0.9999951525439907 0.9077286126584088
0.9999999026491302 0.00011454961460345906 -0.0004261221903857629 -0.0038897797513779858 -0.00011287602590853493 0.999992289066345 0.003925438480553413 -0.014099257246021237 0.0004265685620390433 -0.0039253899994304495 0.9999922046461308 1.0125249124584212
0.9999999951677052 9.031904532090023e-05 3.882086899116738e-05 -0.003661750343469868 -9.042176534805749e-05 0.999996473534105 0.0026541935697466127 -0.014936741049931871 -3.8581007869793144e-05 -0.002654197067172151 0.9999964768686346 1.0856330208569054
0.9999990781346929 -0.001176572462907862 -0.0006777955264965319 -0.0022116287832598344 0.0011764280815204677 0.9999992852436026 -0.00021337543464023488 -0.015104728191151441 0.0006780460937295157 0.00021257786014720586 0.9999997475320109 0.98690509546163
0.999997349480035 -0.00225757126882397 0.00045211228762998153 0.0005449276465714445 0.0022582604910409768 0.9999962800012143 -0.001529785671105995 -0.014403612568557643 -0.0004486570060177939 0.0015308026035705533 0.9999987276744865 0.9212963495333065
0.999998578293151 0.00022701082433150896 -0.0016708914298746514 -0.004816821648302937 -0.00023409697159797535 0.9999909754233558 -0.0042419657050351 -0.015807053253921965 0.0016699133787957043 0.004242350824771757 0.9999896068718759 0.8895081347095277
0.9999994803499859 -0.0005239061987010527 -0.0008745410673397625 -0.0033973132461644477 0.0005210373044729286 0.9999944933478294 -0.003277467682948348 -0.01742090455780333 0.0008762533371398609 0.0032770103113029473 0.9999942466753438 1.009973867021776
0.9999993825577386 -0.0009754440391466127 0.0005323466777400013 -0.0009045137965250897 0.0009750169135811878 0.9999992030563688 0.0008020152982753535 -0.012783922055108487 -0.0005331285745841149 -0.0008014957560277104 0.9999995366890997 0.8516871162554985
0.9999930231884694 -0.0035944977102742985 -0.0010164465670672556 0.0007146033987139565 0.0035995172773064673 0.9999811193172904 0.004980410876885378 -0.010650065942083857 0.0009985253042573445 -0.004984034845690665 0.9999870810912908 0.9295000756612504
0.9999980356546463 -0.0019792803070325863 -0.00010553154552239438 -0.0009391766952929528 0.001979470146552594 0.9999963660268507 0.001830200023834687 -0.015437200201246651 0.0001019086837046177 -0.0018304053252027066 0.9999983196143243 1.1374398716411764
0.9999977734157548 -0.001899699974813387 -0.0009188597386085723 -0.0019983983914357794 0.0018986836489686553 0.999997586229283 -0.001105683346576159 -0.01735123834689139 0.0009209579874678703 0.0011039362605924303 0.9999989665799509 1.109217795963078
0.9999985158532331 -0.0016578633536452531 -0.00046880767679238875 -0.0015731747859299928 0.0016562727228790568 0.9999929391097115 -0.0033732020941278384 -0.01806319771244304 0.00047439667434137525 0.0033724206144877234 0.9999942008470845 1.0482295371975494
0.9999970366023069 -0.0017307323226851664 -0.0017121191597982304 -0.0029962114313816022 0.001724269647352286 0.9999914108566886 -0.0037689662257496272 -0.01854380781023072 0.001718627526066952 0.0037660029015966754 0.9999914317337683 1.0534869908913707
0.9999974415970776 -0.0017459977268599715 -0.0014381554072721494 -0.0032681618702658016 0.001747344100593978 0.999998035852297 0.0009354570761217692 -0.019321011924820927 0.0014365192765103194 -0.0009379676353407294 0.9999985283133834 1.257044041957857
0.9999945572113949 0.002740912639799866 -0.0018365581714173801 -0.009238408682776273 -0.0027378016509612114 0.9999948168785943 0.0016943017664861624 -0.017260893145896045 0.0018411925852579052 -0.001689264412964824 0.9999968781930539 1.0546259422153084
0.9999871979968848 0.004963882563054036 -0.0009816894204757285 -0.01095579317984478 -0.004961790816800025 0.9999854391067283 0.0021218408402487025 -0.017135658194547196 0.0009922076941773941 -0.0021169427392436642 0.9999972670351313 0.9658359794692795
0.9999880584571214 0.004720340837645451 -0.001265434916398324 -0.010879984218628416 -0.00471930106492229 0.9999885250367595 0.0008234028537117495 -0.018007769110009647 0.0012693071376962863 -0.0008174210526613239 0.9999988603404567 0.9799674461313879
0.9999981414507406 0.001870276789223118 -0.0004681448975774814 -0.006045722847935117 -0.0018691819780372772 0.999995542742738 0.0023282295907861845 -0.015633667730836902 0.0004724972448757954 -0.002327350215615393 0.9999971800895732 0.9654704846447286
0.9999989728723204 0.0014332080848053121 -1.2991124540139003e-05 -0.00530408874340453 -0.0014331444921403622 0.9999909382389178 0.004008682558065016 -0.014724924249468193 1.8736283406043098e-05 -0.004008659822476288 0.999991965114939 1.0245565936054275
0.9999920413857593 0.003940500406302144 -0.0006241971971686021 -0.009523724175451925 -0.003937457640908665 0.9999807129883493 0.004803132283382379 -0.014629382359856379 0.0006431119024481445 -0.004800636307152699 0.9999882700806006 0.9731891552331933
0.9999988413541248 -0.0012345465368323052 -0.0008906095453884818 -0.002063010107706666 0.0012346404153487354 0.9999992323326978 0.00010486720155293332 -0.013731783286104101 0.0008904793982620927 -0.0001059666625378141 0.9999995979086914 0.8975059621680207
0.9999990844369692 -0.0007318898576555627 -0.001138183817726892 -0.0033198314391548428 0.0007309597860247846 0.9999993988136636 -0.0008173555316910507 -0.01591957462433483 0.0011387813477086125 0.0008165228167248479 0.9999990182332535 0.996352595858108
0.9999963688510617 -0.0004886671006515406 -0.0026501867836302203 -0.005682529174118246 0.00048778777351034274 0.9999998257752235 -0.0003324344304770357 -0.017225223840669445 0.002650348771652761 0.00033114049479576724 0.9999964329927276 1.0692289624135534
0.9999946077533586 -0.00023067184424919605 -0.0032758595026848975 -0.006762073198344545 0.00022909535889570397 0.9999998577833704 -0.00048161039834474314 -0.017342019289659685 0.0032759701307540517 0.00048085731722831063 0.999994518383341 1.0618057181347784
0.9999968799701089 -0.000427657832344912 -0.0024611297664925828 -0.0053287498446324515 0.00042705595877071936 0.9999998787814462 -0.00024507210332433643 -0.016741848354713474 0.002461234275147371 0.00024402029871189773 0.9999969413857326 1.03214657899719
0.9999966625649828 -0.0009021894853681186 -0.0024209325330146808 -0.004149104136819826 0.0009064947170912133 0.9999980087944047 0.0017778288246224226 -0.014583766936335415 0.0024193237742814394 -0.0017800174533593295 0.9999954891958759 0.9415066075454469
0.9999979176666647 -0.002023653363932261 -0.000263606716418154 -0.0013849310369486785 0.002023104140571523 0.9999958165254152 -0.0020673605161877903 -0.02060928995314865 0.0002677892355892534 0.0020668229072989134 0.9999978282631721 1.253730102271138
0.9999993506106428 -0.0010435380029425233 -0.00045804676608813497 -0.002759978593426684 0.0010418277195003657 0.9999925441945542 -0.0037183533422152004 -0.019730446711006176 0.0004619235936707882 0.0037178737217792935 0.9999929819967638 1.157965199674791
0.9999980721765672 -0.0017870687814292873 -0.0008136507666821096 -0.0019717780416774002 0.0017873679863710502 0.9999983352555379 0.0003671528115209448 -0.017997450148174377 0.0008129932847062389 -0.0003686063973301053 0.9999996015854646 1.1507944844144622
0.9999963812284549 -0.0026871331634173595 -0.0001297914410410461 0.0006035710347031891 0.002687679864982679 0.9999866479376156 0.004413652131413328 -0.0112951954976477 0.00011792963779977948 -0.004413984997236096 0.999990251367626 0.8995854760145205
0.9999981405204634 -0.0019243275812235738 -0.00012617084218432862 -0.0004390503872847347 0.00192471209766104 0.9999932749368882 0.003121788705414944 -0.013339408439644328 0.00012016264973989458 -0.003122025743052306 0.9999951192463267 0.9659396301227626
0.9999977705893588 -0.001714868140964421 -0.0012320890134940759 -0.00207308467515222 0.0017159795954680087 0.9999981212644916 0.0009015993110592292 -0.016844780607341747 0.001230540574708946 -0.0009037115407419882 0.9999988345369322 1.035948646247557
0.9999982806552523 -0.0017484543380377662 -0.000617732735840473 -0.0012716730351321752 0.0017476878756178347 0.9999977050621823 -0.0012391356444478622 -0.016218844135153492 0.0006198978904226551 0.0012380539098600337 0.9999990414740362 0.972912805607229
0.9999969356358296 -0.0019782204073639387 -0.0014884092140665633 -0.0018165680530505207 0.0019770464382836816 0.999997733749513 -0.0007897990205843146 -0.015246490593120615 0.001489968237748443 0.0007868539457453245 0.9999985804265242 0.9339253219991913
0.9999981958804156 -0.001326482577505573 -0.0013596618926290738 -0.0021127987366947217 0.0013275419448413475 0.9999988157578996 0.000778534239259318 -0.014710916767214659 0.001358627570521207 -0.0007803378425953745 0.999998772601431 0.8734080754755105
0.9999996488199205 -0.0008061604572055548 0.00022905310705437218 -0.0010685109696634382 0.0008057985657402672 0.9999984339760651 0.0015756693716780577 -0.013093565548092469 -0.00023032299074139155 -0.0015754842476621363 0.9999987323995008 0.8144268130860902
0.999999096908546 -0.0013297985802450357 0.00019446746701554324 -0.0005116101642039441 0.001329083926790407 0.9999925282732157 0.003630004371011884 -0.010747981520112899 -0.00019929318928790926 -0.0036297426291675666 0.9999933926026559 0.7431804907484357
0.9999987879682783 -0.0011081435853318143 -0.0010936543439910838 -0.0022882847213184674 0.0011103570738028891 0.9999973324065766 0.002025410334106028 -0.01375055659567198 0.001091406981147959 -0.0020266222260538736 0.9999973508131287 0.899320914676567
0.9999978517023801 -0.001834629975404314 -0.0009647401724487512 -0.0017308015263554637 0.0018313063829385361 0.9999924244222677 -0.0034347365894213657 -0.017169223604960433 0.0009710343345098848 0.003432962475799773 0.9999936359104109 0.9898486311264842
0.9999940644036718 -0.0025610513372098568 -0.0023048155287501634 -0.002512759826494974 0.0025478452642667634 0.9999804258056711 -0.005714586057171468 -0.018172901234439938 0.0023194057606951216 0.005708679824936823 0.9999810154874174 1.0022859422543604
0.9999989582944429 -0.0001539772894622713 -0.001435165785841702 -0.0033985192137525357 0.00014756361869113478 0.9999900076599293 -0.004467975318246057 -0.012474748006096614 0.0014358394119676323 0.004467758885654757 0.9999889886862293 0.7064733847388138
0.9999937513167785 0.0035351349714220024 1.217980586981875e-05 -0.00743438473393725 -0.003535148340957908 0.9999928127766496 0.0013700808375367009 -0.015121477978975024 -7.336297732457118e-06 -0.0013701153337554743 0.9999990613646512 0.8274694165193558
0.9999979475763053 0.0020166963867774422 -0.0001943685870039573 -0.005369455091647182 -0.002016313434319669 0.999996064621885 0.0019506976773284678 -0.013442899511601733 0.000198301786772401 -0.0019503017657048528 0.9999980784980004 0.763782326119483
0.9999952606747842 0.003041634492248324 -0.0004765380393173431 -0.007438421500669774 -0.0030405640247153534 0.9999928883565246 0.0022311898536019037 -0.015127449835054678 0.0004833211137100328 -0.0022297303349899955 0.999997397348532 0.8774130410302576
0.9999957567797968 -0.0018109858879277196 -0.002281831182251232 -0.0022818917608379346 0.001811724523983037 0.9999983070875927 0.0003216778020068218 -0.013514936604511993 0.002281244765422124 -0.0003258104860684379 0.9999973448817209 0.8201351829993719
0.999996320064406 -0.0007414958450278811 -0.0026096056021042255 -0.004647921585523581 0.0007450463485543598 0.9999987978661486 0.0013598426909397052 -0.015235813534302194 0.002608594147281862 -0.0013617819639732023 0.9999956703837621 0.9401955244190863
0.999998072528634 -0.0012752147112736977 -0.0014929053892863493 -0.00227619176471285 0.0012753300811869151 0.9999991838531826 7.632936124607766e-05 -0.014185097199665658 0.0014928068345331428 -7.823316125274478e-05 0.9999988827030524 0.8446797125145783
0.9999979369619678 -0.0003548259871251407 -0.0020000425911604314 -0.00428444251584041 0.0003571885766899758 0.9999992387845712 0.0011810362455276313 -0.014321857925687529 0.001999622006349513 -0.0011817482013646069 0.9999973024878975 0.8956449955306319
0.9999972123781856 0.001758100938603582 -0.001576171713456659 -0.006554892639208686 -0.0017564517377304386 0.999997909219347 0.001047107668690819 -0.014179880911630615 0.0015780093388961358 -0.001044336280365957 0.9999982096226309 0.8227633526021382
0.9999996340328489 0.0007729688332368161 0.00036667861321503897 -0.003551394137822973 -0.000773194142884885 0.9999995121464325 0.0006147174309518663 -0.01683432700810675 -0.00036620327681944237 -0.0006150007197980093 0.9999997438345535 1.0059033505509956
0.9999989086552149 -0.001289723367225937 -0.0007206259588729298 -0.0015769511813443224 0.001291331858807032 0.9999966661841786 0.0022360862724594074 -0.013139980508813015 0.0007177396234012128 -0.0022370143994804373 0.9999972403040901 0.8693410238827358
0.9999975657452822 0.0021627774752930773 -0.00043691777639700034 -0.006035806714556468 -0.002162222644656163 0.9999968605321629 0.0012663803164674307 -0.013862417798093768 0.00043965530350821954 -0.001265432520273185 0.9999991026914804 0.8075959348293988
0.9999866566955727 0.005164528783196077 -0.00011863053029554404 -0.00999752239906665 -0.005164866648340359 0.9999820097132807 -0.0030503118231194853 -0.016942379614015627 0.00010287497285726041 0.003050883832750821 0.9999953407514255 0.8377766341898905
0.9999962359664702 0.002740229997662006 0.0001385355105466725 -0.006839536567682964 -0.002739239384263056 0.9999737623516932 -0.006706054969877989 -0.017251121075837723 -0.00015690800958299367 0.006705650246116063 0.9999775045632172 0.8556173390567259
0.9999981204911401 -0.001916483400158551 -0.00029343724648242753 -0.0006301325628873656 0.0019150308672888825 0.9999862940785003 -0.004872813443651475 -0.014789749456563488 0.00030277189109502916 0.0048722423437485615 0.9999880847204118 0.8347250025564349
0.9999992329705035 0.0010782471384559536 -0.0006094600719025776 -0.004441430372160609 -0.0010796175012074336 0.9999968799974006 -0.0022526477276104528 -0.0135433530903993 0.000607029259524254 0.0022533039834947855 0.9999972770647284 0.7018052220862111
0.9999971983990026 0.001544948298239503 -0.001793412656898985 -0.006640574745196781 -0.0015340293260316423 0.9999803772411274 0.006073869204550457 -0.010522649848576985 0.0018027612789921793 -0.006071101040410904 0.999979945691078 0.7302615750614858
0.9999957699303824 0.0023493630091283033 -0.0017148221201311784 -0.00708385826258955 -0.00234414093017865 0.9999926288057055 0.0030409435619143652 -0.011718097224076697 0.001721953760068127 -0.0030369109138443386 0.999993906005186 0.6719917501783998
0.9999963940208916 -0.001344398769115827 -0.002324766051707833 -0.0018544317029392798 0.001339470637145342 0.9999968554939863 -0.00212009919095008 -0.010326829452867644 0.0023276090001971613 0.002116977590065984 0.9999950503088848 0.5797409710613801
0.9999890380415026 -0.0046809201383597576 0.00011306031235819045 0.004386006099697027 0.004681438562655059 0.9999758835915812 -0.005129947986189744 -0.006178734153743137 -8.904470797635626e-05 0.005130421036837439 0.9999868353383452 0.41854681628463986
0.9999994860607591 -0.0006111563769769723 0.0008089289960318028 -0.000728513830454589 0.0006142119348396047 0.9999926579 -0.003782444986863745 -0.010642135613490639 -0.0008066113914650776 0.003782939896751 0.999992519344066 0.6351898472390508
0.9999965028284572 -0.000600728751875528 0.0025755494300615635 0.0005444412624187381 0.0005956390319707414 0.9999978693676151 0.0019764801521473174 -0.009859635074941505 -0.002576731271128857 -0.0019749391420773943 0.9999947300210646 0.6431316900910913
0.999999051493222 -0.00038125032868298455 0.0013235031870120944 -0.0009672057831924105 0.0003739718013224453 0.9999848305831683 0.005495338581790722 -0.00892386508994041 -0.001325578210053145 -0.005494838416512458 0.9999840246676626 0.6162764072922347
0.9999903306693882 -0.0029493013644199674 0.003261930770485197 0.0040089188654355845 0.0029270126943486273 0.9999724817797283 0.00681676528692609 -0.007753561605426424 -0.0032819456998447764 -0.006807151662167449 0.9999714453563209 0.6915874881192086
0.999980690803259 -0.002294247353933525 0.0057753306758068 0.007986123190475432 0.002249259801638699 0.9999671738803616 0.007784085242076446 -0.008333946564863933 -0.005792999713505798 -0.007770944716709103 0.9999530256765232 0.8333245699676115
0.999936406543433 -0.0035711023657503927 0.010697199714138622 0.0148722348808751 0.003523902832178657 0.999983987645652 0.004427929234845551 -0.006505770449596878 -0.010712841017218483 -0.004389951750619659 0.9999329794266082 0.6130118057715077
0.9999725494714855 0.004530346248099142 0.005863127823049043 -0.0041742503903047035 -0.004545796908551087 0.9999862235425201 0.0026245868985250785 -0.011488531209836676 -0.005851156762836316 -0.0026511674398340336 0.9999793674255834 0.6069198593789807
0.9999479753171221 0.004566979855609123 0.009120819278991436 -0.0019320251357960623 -0.004575877156718409 0.9999890747312788 0.0009548634748027089 -0.01116218084443341 -0.0091163587889126 -0.0009965495508754859 0.9999579485575627 0.5525307818432597
0.9999603137066435 -0.0007758089917210528 0.008875197550926797 0.006071292629043102 0.0007470687611770024 0.9999944684967911 0.0032411207952747116 -0.00915779224413475 -0.008877662948416418 -0.0032343617843175005 0.9999553620056258 0.651203372356762
0.9998310530536515 -0.0006533707075891858 0.018369497822157813 0.015540238841552687 0.0006473284437964706 0.99999973441284 0.0003348732981198446 -0.006548351302154224 -0.018369711739862668 -0.00032292562364425213 0.9998312104568127 0.42827321595358114
0.9996664763275654 -0.0029407874510167633 0.025657119189985814 0.030871831978240567 0.0028582728736702033 0.9999906269160592 0.0032521305463884408 -0.00646543614735578 -0.025666442529903463 -0.0031777108236990394 0.9996655119441661 0.6417368718193976
0.9996556473222061 -0.0014054456427078637 0.02620327396852031 0.02608521438262139 0.0014232893751556514 0.9999987677790345 -0.0006623352686526583 -0.006374835669710506 -0.026202310804173547 0.0006994020295406885 0.9996564158812142 0.5067797843708782
0.9994555291030787 -0.0016401849242788954 0.032953832082540026 0.0347454589533857 0.001573586105595781 0.9999966671990745 0.0020468065277528882 -0.006738880062739128 -0.03295707939545541 -0.001993836404508696 0.9994547790891868 0.525302628268533
0.9991731084498922 0.00029675677320750466 0.04065724120033177 0.04240029586306014 -0.0003654477560239036 0.9999985185054547 0.0016820923846175282 -0.007450958905989156 -0.04065668179453429 -0.0016955595743962106 0.9991717366294807 0.5725886849426929
0.9989321200899712 -0.0012501036489784194 0.04618502115905443 0.045682677676527186 0.00130253762286429 0.9999985409355086 -0.0011052248155184348 -0.003750361813481904 -0.046183572126206496 0.0011642023100069652 0.9989322908910129 0.4203655147764379
0.9991848423842369 0.006126384742142628 0.039901355168491325 0.026940351592847078 -0.006095602042472818 0.9999810228369342 -0.0008930853164217722 -0.007151889236606439 -0.03990606933826794 0.000649134526773128 0.9992032246942478 0.36812478499575524
0.9989028524319004 -0.0005220177686748637 0.04682754282979351 0.046099223340947036 0.0005005896272762433 0.9999997645729813 0.000469322893388401 -0.0049892197705473 -0.04682777680022854 -0.0004453665932495891 0.998902878579876 0.4408872627023227
0.9987452778313418 -0.0013952625468732363 0.050059198561986026 0.054292827041796124 0.0014854900860264827 0.9999973385890361 -0.0017652575674986049 -0.004873292678523663 -0.05005660233622901 0.0018374050997498803 0.9987446924083001 0.5318352805439681
0.9990217137629539 -0.0012043815516718601 0.04420593801066806 0.04426180116949191 0.0012639389912661083 0.9999983308899405 -0.0013193466800368943 -0.004239008242275133 -0.04420427522934169 0.0013739295883558387 0.9990215685505185 0.4442919195573147
0.9989572655406963 -0.001086493216914705 0.045642100626281115 0.04858844050838309 0.001108341188247844 0.999999283014679 -0.00045337630231327925 -0.005595178192283116 -0.045641575311336544 0.0005034905666089889 0.9989577535080718 0.5272280620659116
0.998472460328734 -0.001443978168444539 0.055232787889557544 0.05663753990008853 0.0012942719340109472 0.9999953917937564 0.0027461338841384937 -0.004804163073628665 -0.055236498722897265 -0.0026704528076409743 0.998469728062146 0.4418764192068343
0.9986130049618436 -0.0012895964959591616 0.052634617488042816 0.052124454676193144 0.0013833715689164133 0.9999975202237443 -0.001745230334683497 -0.0031134901044598735 -0.052632236322783084 0.0018156229499528757 0.998612312616349 0.4117433552134412
0.9987461595004345 0.00045425620632272436 0.05005899111960984 0.042321044184313254 -0.0005219888492265636 0.999998965974678 0.0013399915161910775 -0.004368636825771968 -0.05005833065789792 -0.00136444161516652 0.9987453638882844 0.2913157854258401
0.9984257489237508 -0.000992437953584096 0.05608064502599411 0.054577046288778235 0.0011423863267408414 0.9999958579037576 -0.002641803979362627 -0.002371916395398776 -0.0560777909078429 0.0027017108826050307 0.9984227470958309 0.3959945948051477
0.9981932578923838 -0.0023793895430314 0.06003797693258147 0.06810645833808043 0.002309473716743178 0.9999965719168925 0.00123389064677924 -0.004972809415903364 -0.06004070702370471 -0.001093005205408312 0.998195331140138 0.543916265528697
0.9983505946816665 -0.000930365410333458 0.057404045448594766 0.05231855987040541 0.0009595576690310725 0.9999994239543455 -0.00048097819829877244 -0.002153788829520865 -0.05740356489575262 0.0005352673637446383 0.9983509123254324 0.3179845432938805
0.9979208308213827 -0.0002063706251968312 0.06445131932972584 0.04357073140900616 0.0002808542463674857 0.9999993032155527 -0.0011465989769450051 0.0019625286098831738 -0.06445103779668357 0.0011623164313945878 0.9979201934457385 0.04924646381454782
0.9979910431476234 -0.0008043140323153531 0.06335006928658742 0.057352769524100684 0.000937224466349188 0.9999974217805327 -0.00206834308170583 -0.0009585297749462625 -0.06334824235902432 0.0021235610990467182 0.9979892239304015 0.3100317740716846
0.998288374063858 -0.0009840050769649126 0.05847523968183683 0.05662340002454529 0.0011241233152651838 0.999996575453199 -0.002363351026014844 -0.002194029970281297 -0.05847271388102176 0.0024250392385682094 0.9982860615217427 0.38681199212076944
0.9980378291084178 0.0019564010949687143 0.06258325542907504 0.06688642272288362 -0.0019515176312095526 0.9999980861050816 -0.0001391575121234922 -0.006840026911415983 -0.06258340789922136 1.675212545796512e-05 0.9980397369204141 0.5824408099351649
0.9989450956606075 -0.0013923249207538565 0.04589942810342366 0.04717350266174346 0.0013422051470645044 0.9999984689587982 0.001122749176028059 -0.005109696635732794 -0.0459009210610147 -0.0010599583407501921 0.9989454350199937 0.46359206942034364
0.9987191101177738 -0.0013625532235748688 0.050579468451247035 0.054424993384708346 0.0014581347191936218 0.999997220339653 -0.0018528778463281176 -0.004677170692193179 -0.05057680321292015 0.0019242561902348449 0.9987183208039542 0.5211297486516454
0.9987927148230594 -0.002393703062480325 0.049065092683429026 0.049651569059606306 0.002368696320667134 0.9999970334343997 0.0005678035944172153 -0.0039668599392795 -0.04906630628165591 -0.00045089780443848004 0.9987954217938395 0.4017209049553328
0.9991870290949828 0.0008933501127573061 0.0403048745124461 0.031142233429288298 -0.0009489655556681033 0.9999986238996913 0.0013607583399065889 -0.004127270802353563 -0.04030360341535414 -0.0013979000184227467 0.9991865018718399 0.23911538646733416
0.9994528948932525 0.004032027675743977 0.032827633368044465 0.026168801417202063 -0.003914834312515469 0.9999857359424713 -0.0036334529742646777 -0.008016484154523312 -0.03284181529742629 0.0035029503326019233 0.9994544233618295 0.5273690720058318
0.9992700817759674 0.005034949699964113 0.03786757166971723 0.03213228218549461 -0.004872464589137577 0.9999785286059601 -0.00438194214039601 -0.00896629707280067 -0.037888821457917374 0.0041942352834586265 0.9992731586678187 0.5849899276908328
0.9995006057716075 -0.0011030759316384643 0.03158041081001881 0.030164571905413644 0.00120022717358898 0.9999946054916798 -0.0030575223520122926 -0.004371358077593959 -0.03157686777013027 0.0030938991079729975 0.9994965378988999 0.4355234420384646
0.9996420733670456 -0.0017255259128249223 0.02669733624493521 0.02927752305928405 0.0017613570163905567 0.9999975793691066 -0.001318665124905041 -0.007954345095501669 -0.026694996229851265 0.0013652166769413528 0.9996426928695308 0.6459773065603815
0.9996090538663878 -0.0019556811726528693 0.027891123635241447 0.03279662365547138 0.002003353876937351 0.9999965797245327 -0.0016814020381227858 -0.009128018178913556 -0.02788773995377096 0.0017366204884701985 0.9996095528493321 0.7443654451912083
0.9997495273500994 -0.0023961488296164427 0.022251763473215905 0.024043601278706993 0.002543069707132226 0.9999751395097952 -0.006576712950640452 -0.0074332206917845775 -0.02223545149859306 0.006631653455721519 0.9997307666609563 0.6385896984101159
0.999840205817903 -0.0017728800922117037 0.017788191886403543 0.017815793788421908 0.0018509722773104977 0.9999887182774051 -0.004374611145647543 -0.008447834262898765 -0.017780235545051176 0.0044068375538060325 0.9998322074495072 0.6637459759439036
0.9998642832500219 -0.0015078870536940484 0.016405528373653118 0.015272099221726117 0.0015301770052271043 0.9999979231259732 -0.0013462177122520618 -0.007487064228788339 -0.01640346435720546 0.0013711383698988395 0.9998645139919266 0.5573923239893004
0.9998662307707006 -0.001351713163037075 0.016300105053713813 0.014515017603480191 0.0013125918461059781 0.9999962332290724 0.0024105248387221857 -0.007138667959149176 -0.0163033019932396 -0.00238880699878262 0.9998642387514012 0.43215671749671736
0.9998632168651873 -0.0014516174614200678 0.01647544709591286 0.015078586439842867 0.00141946129234494 0.999997065308299 0.001963289133105146 -0.007426317144291563 -0.016478248690442125 -0.0019396343279945013 0.9998623430897738 0.47917833148337813
0.9998992779708077 -0.0038455458642870192 0.013661834035861983 0.01727157710280329 0.0037756449027877732 0.9999796693017486 0.005138627493811887 -0.007216866393962431 -0.013681317107129146 -0.005086527691635201 0.9998934687345941 0.6835441649658885
0.9998655822729507 -0.0015710757180498465 0.016320204648737513 0.015354845912643416 0.0015537778783012717 0.9999982177261275 0.001072529026029881 -0.007831497660221927 -0.016321860586140935 -0.001047026883575186 0.9998662413415911 0.5415460425004709
0.9999405997753371 -0.0015272478469426681 0.010791869658494954 0.008632881398295971 0.0015377077211897422 0.9999983559605446 -0.0009610055194894856 -0.007933899901922732 -0.010790384222822117 0.0009775431746499948 0.9999413042940327 0.55730067705353
0.9999713268649557 -0.0005094119347883979 0.007555523824014344 0.0036815046905146944 0.0005212947891124226 0.9999986303380701 -0.0015708511655797733 -0.007921146476631453 -0.007554713265068201 0.0015747447800371459 0.9999702227961186 0.5039864988876563
0.9999737183729327 0.002294349647891616 0.006877392221653105 0.00027041404065644876 -0.0022972502056781007 0.9999972756676697 0.0004138825923060645 -0.012109694145515031 -0.0068764238939834806 -0.00042967080529363554 0.9999762648073359 0.6817443587592978
0.9999762147034797 0.0007749029231477414 0.006853434141499672 0.0029877159159741365 -0.0007717948465427641 0.9999995981346465 -0.00045613964408675116 -0.013564367918330492 -0.006853784851235577 0.0004508393502730683 0.9999764109136822 0.8353642980005483
0.9999737915949696 0.000917739744135533 0.007181495509227731 0.0029286236357460487 -0.000911267950760518 0.9999991758284469 -0.0009043965801863948 -0.013127574196257727 -0.007182319591116837 0.0008978286107995035 0.9999738037518198 0.803390982490668
0.9999689332167082 0.004589311253559439 0.0064086519041725055 -0.0031170754343061748 -0.004590699760277259 0.9999894422858853 0.0002019677460747355 -0.013940923017880453 -0.006407657350537051 -0.0002313816704427755 0.9999794439821605 0.7361404454017434
0.9999971285467092 0.0008496088836557862 0.0022407729861194437 -0.0014306213854971255 -0.000850261810149608 0.9999995963473629 0.0002904479899705921 -0.011508582789868348 -0.0022405253144543113 -0.0002923523994941961 0.9999974472851564 0.6415360175557003
0.9999846771512436 0.0016774320595325618 0.005275574093880772 -0.0002147375831812368 -0.0016784456744004985 0.9999985737910325 0.00018771200455924825 -0.011758188765485485 -0.005275251695650155 -0.0001965638934843911 0.9999860664429336 0.6608307073183891
0.9999945599613382 -0.0006206877807822706 0.003239567128394155 0.001304990048682808 0.0006232159422791086 0.9999995020297424 -0.0007794499515498083 -0.009844281065971771 -0.0032390817201598254 0.0007814646610496316 0.9999944488162825 0.589412345464024
0.9999982767377373 -0.0008426793922795229 0.0016542107372328066 0.00045989724568831346 0.0008422009849873889 0.9999996033331723 0.00028988107412984297 -0.010659231087980984 -0.0016544543578579504 -0.0002884873967434515 0.9999985897769733 0.6267580333579242
0.9999972129348198 -0.0010975857395132465 -0.0020903177487748724 -0.002536408461124365 0.0010978804700162376 0.9999993875492569 0.00013985570570207998 -0.012070742410245923 0.002090162964934317 -0.00014215023488429974 0.999997805503698 0.7131251470482708
0.9999951676572704 0.0010265185651276566 -0.0029344373823106252 -0.0066418990530790235 -0.0010286494164194891 0.9999992083185782 -0.0007247363381885627 -0.013961971726036243 0.0029336911039428847 0.000727751343000739 0.9999954319072871 0.7882460746024039
0.9999959621714657 -0.0004301126597749008 -0.002809029008930378 -0.00446361407099279 0.00042851685710570313 0.9999997464911248 -0.0005686747718750193 -0.013193584825546922 0.0028092728910319967 0.0005674687593975683 0.9999958929741367 0.7776714174832611
0.9999933259406659 -0.000736900693154688 -0.003578414659641483 -0.0048378820717104405 0.000740391550350991 0.9999992512747196 0.0009743050603328764 -0.013741003608920676 0.0035776940143167337 -0.000976947985744141 0.9999931228154298 0.8158273873366165
0.9999909366417944 0.0014424519410279233 -0.004005741690530169 -0.00814842198265772 -0.001437736100995162 0.9999982703735867 0.0011799002949143202 -0.01407715946093243 0.0040074367115803524 -0.0011741304015604258 0.9999912808963067 0.7911783923327937
0.9999958281465776 0.001608130188507026 -0.0023995010992159554 -0.006598314786943312 -0.0016053648195884535 0.9999980455904459 0.0011539577620700192 -0.012896796849618898 0.002401352124190443 -0.001150100872717812 0.999996455381182 0.7193046112493834
0.9999854399048299 0.0050143956887063485 -0.001993945068293235 -0.011806034591638325 -0.005009280626254912 0.9999841713280653 0.0025620702334457077 -0.015664463811546424 0.0020067607395289843 -0.0025520446999934268 0.9999947299761964 0.8697629143867097
0.9999772892777212 0.006015485996709031 -0.00303889024458602 -0.013740317495496831 -0.006012388524558159 0.9999813976560893 0.0010273867220913812 -0.016004579454093712 0.0030450139449604984 -0.0010090923993202295 0.9999948547977162 0.7976112472720626
0.9999859340234266 0.004509057477255622 -0.0027928765156852624 -0.011045050372598283 -0.004510390383477877 0.9999897171522777 -0.00047113765171358495 -0.015657525360145894 0.002790723410460337 0.0004837279866175522 0.9999959889274626 0.7579015317669292
0.999998405224097 0.00019788024418538567 -0.001774934485477276 -0.004599950907564962 -0.00020365011035718388 0.9999946942375808 -0.003251157102984957 -0.014811117564373364 0.0017742817282852396 0.0032515133837490453 0.9999931397684759 0.8380343077642499
0.9999804362317375 0.006254966572423474 5.0476619731930456e-05 -0.011412836956261168 -0.006254754302581485 0.9999744437305043 -0.003462648652999319 -0.017498249273305264 -7.213408080114683e-05 0.0034622651916981365 0.999994003740373 0.8355408420883522
0.9999965689672494 0.00034585356143021723 -0.0025966208040073225 -0.006179818414988837 -0.0003514629327749074 0.9999976051902956 -0.0021601129297197023 -0.01689532721131232 0.0025958675029058896 0.0021610181341911523 0.9999942957204588 0.9397362123957991
0.9999709137320303 0.007567950577904241 -0.0009475289249991916 -0.01390253462153124 -0.007567124547971455 0.9999709883989337 0.000872343755311198 -0.017178949034379335 0.0009541032904246056 -0.0008651483123381259 0.999999170602269 0.8133161504635487
0.9999924396576615 0.003501327347684788 -0.0016915479695559972 -0.009067361263400736 -0.0034986068377454798 0.9999925860716694 0.00160858698752928 -0.015190568786089204 0.001697167618072824 -0.0016026567648509639 0.9999972755530118 0.830029104339949
0.9999987629229186 0.0015711719512328777 -7.464083150161965e-05 -0.004616829497393925 -0.0015710667696976375 0.9999978013151598 0.0013889254522322623 -0.012945446385024276 7.682290817205347e-05 -0.0013888064682906094 0.9999990326569187 0.7423914030623094
0.9999972108219778 0.002360493465986326 -8.011610323998094e-05 -0.005759248855492859 -0.002360458584532375 0.9999971204885203 0.0004327235352462981 -0.014129184006612297 8.113731367203795e-05 -0.00043253321755039667 0.9999999031658666 0.779418832153529
0.9999912139578335 0.0041378137047507115 -0.0006711996485690375 -0.008913574838681052 -0.004137959277295914 0.9999914153612118 -0.00021564065280277794 -0.014576961167043751 0.0006703016059228017 0.0002184161543423943 0.9999997514950972 0.7738616534837288
