0.9999146 -0.0053836396 -0.011912564 -0.0045449706 0.0053538163 0.99998236 -0.0025343893 -0.011656945 0.011926097 0.0024703948 0.99992585 0.6245121
0.9999206 -0.0038003987 -0.012020956 -0.0055488194 0.0037345614 0.999978 -0.005494602 -0.007682943 0.01204153 0.005449262 0.9999127 0.63419616
0.9999165 -0.0014734744 -0.012830993 -0.010446349 0.0014335352 0.99999404 -0.0031211355 -0.006345082 0.0128355445 0.00310249 0.9999128 0.65797853
0.9999104 -0.0035279044 -0.012917005 -0.0071748723 0.0034929279 0.9999902 -0.0027295977 -0.0070188786 0.012926421 0.0026842365 0.99991286 0.67115253
0.99998784 -0.0011288369 -0.0047918684 -0.043925844 0.0011293846 0.99999934 0.0001110296 -0.0054948423 0.0047917715 -0.00011644872 0.99998856 0.7694979
0.99998784 -0.0011275937 -0.004785127 -0.040120866 0.0011281592 0.99999934 0.00011649684 -0.005517964 0.004784946 -0.00012188623 0.99998856 0.76857984
0.99998796 -0.0011293804 -0.0047912886 -0.036657114 0.00112998 0.99999934 0.00012227044 -0.005573122 0.004791289 -0.00012769173 0.99998856 0.7698247
0.99998784 -0.0011297201 -0.004791453 -0.032840163 0.0011303456 0.9999994 0.00012791979 -0.005627268 0.0047912286 -0.00013332137 0.9999885 0.7699495
0.99998784 -0.0011296939 -0.0047899145 -0.02926372 0.0011303477 0.99999934 0.00013348885 -0.0056893197 0.00478971 -0.00013891123 0.99998856 0.7699226
0.99998796 -0.0011301487 -0.004790482 -0.025552401 0.001130823 0.99999934 0.00013914626 -0.0057669757 0.004790321 -0.00014456152 0.99998856 0.77017915
0.99998784 -0.0011304909 -0.004790528 -0.021813415 0.0011312009 0.99999934 0.00014477936 -0.0058462033 0.0047902823 -0.00015019819 0.9999885 0.77020085
0.9999879 -0.001130795 -0.004790342 -0.018263878 0.0011315278 0.9999994 0.00015040777 -0.0059393826 0.004790326 -0.00015581744 0.9999885 0.77033955
0.99998784 -0.0011296996 -0.0047842986 -0.014525674 0.0011304568 0.9999992 0.00015583017 -0.0060271043 0.004784058 -0.0001612459 0.9999886 0.769525
0.999988 -0.0011313631 -0.004789972 -0.0108545 0.0011321541 0.9999994 0.00016164655 -0.00614373 0.004789735 -0.00016706936 0.99998844 0.77039856
0.9999879 -0.0011316955 -0.0047899103 -0.0072175823 0.0011325106 0.9999993 0.00016728869 -0.0062524066 0.0047897594 -0.00017270622 0.9999885 0.77052
0.9999879 -0.0011305314 -0.004783461 -0.0035309524 0.0011313714 0.99999934 0.00017267105 -0.006372185 0.004783227 -0.00017808533 0.99998856 0.7695054
0.9999879 -0.0011322951 -0.0047895815 0.00019011485 0.0011331667 0.9999994 0.00017852204 -0.006508822 0.0047894195 -0.00018394864 0.99998856 0.77047217
0.99998796 -0.0011311785 -0.004783361 0.003834067 0.0011320622 0.99999934 0.00018392573 -0.006637662 0.004783165 -0.00018932969 0.9999885 0.7695094
0.9999879 -0.0011327981 -0.0047887554 0.0075446377 0.0011337259 0.9999993 0.00018975377 -0.006800457 0.004788524 -0.00019518119 0.99998856 0.7704119
0.99998444 -0.0014013258 -0.0054039108 0.013543194 0.0014037621 0.9999989 0.00044762585 -0.0065373876 0.005403296 -0.0004552073 0.9999852 0.75944173
0.99999946 0.0009908082 8.773862e-05 0.00076664146 -0.0009906474 0.9999979 -0.0017694925 -0.010889966 -8.942957e-05 0.0017694056 0.9999984 0.8476453
1.0 -0.00014159066 0.00016982199 0.0027963996 0.00014120637 0.99999756 0.002239783 -0.009898725 -0.00017016844 -0.0022397593 0.9999975 0.8591926
0.99999696 -0.0024342707 0.00023840804 0.0075902776 0.0024330784 0.99998504 0.004887266 -0.012457224 -0.00025037938 -0.00488668 0.99998796 0.8672099
0.9999992 -0.0012525886 0.00013802089 0.0061933203 0.0012516738 0.9999783 0.0064683394 -0.013227522 -0.00014616264 -0.0064681503 0.99997914 0.8763087
0.99999934 -0.0010020175 0.00042224722 0.0061020018 0.0010002208 0.99999064 0.0042131958 -0.013951871 -0.00042638043 -0.0042127697 0.99999106 0.8786644
0.9999924 0.0038380804 0.0008159456 -0.00070097815 -0.003838234 0.9999926 0.0001904594 -0.019250978 -0.000815224 -0.00019358954 0.9999997 0.8795839
0.99998623 0.0050420896 0.001442443 -0.0016622151 -0.00503878 0.9999846 -0.0022858917 -0.017438315 -0.0014540436 0.0022785787 0.9999963 0.8802771
0.9999999 -0.0004848261 0.00041041855 0.0031598147 0.00048674742 0.999989 -0.0046903295 -0.014225894 -0.00040802525 0.00469054 0.999989 0.87487036
0.99999994 1.2776537e-05 0.00012755817 0.0037430977 -1.2757826e-05 1.0 -0.00016029495 -0.013674414 -0.00012753152 0.00016029163 1.0 0.87820137
0.9999998 0.0002932649 -0.00035215757 0.0041922485 -0.0002932068 0.9999999 0.00016941005 -0.018041424 0.0003521165 -0.00016931778 0.9999998 0.87825096
0.9999989 -0.0014757237 -0.00019423697 0.0062759127 0.0014764419 0.9999919 0.0037427694 -0.01465226 0.0001887631 -0.003743035 0.9999931 0.88015586
0.9999994 -0.0008322467 -0.00067330856 0.004801565 0.00083115045 0.99999833 -0.0016242504 -0.019088725 0.0006746954 0.0016236824 0.99999833 0.87364846
0.99999654 0.0026519191 -5.0901876e-06 -0.0015413195 -0.002651912 0.99999547 0.0014155622 -0.01462776 8.802773e-06 -0.0014155498 0.9999991 0.8749968
0.99999964 -0.00081895065 -0.00023213113 0.0020714055 0.00081944576 0.9999975 0.0021189223 -0.014466909 0.00023034768 -0.0021190972 0.9999976 0.8731213
0.99999094 -0.0042335694 6.284226e-05 0.008175586 0.004233496 0.99999046 0.0010482038 -0.020048847 -6.723224e-05 -0.0010479393 0.9999995 0.86671007
0.9999992 -0.0012369349 -0.00038767303 0.006821349 0.0012351896 0.9999892 -0.0044838856 -0.021285502 0.00039325672 0.004483411 0.9999898 0.86098933
0.9999994 -0.0004758602 -0.0008843795 0.00471542 0.00046814425 0.9999619 -0.008712173 -0.017781459 0.0008884805 0.008711751 0.9999616 0.8562968
0.9999949 -0.002481852 -0.002059453 0.010296291 0.0024711941 0.9999837 -0.005152463 -0.00959642 0.002072217 0.0051473435 0.9999847 0.85453945
0.9999889 -0.004495131 -0.0013920863 0.0114451125 0.0045002513 0.999983 0.0036909033 -0.009843489 0.0013754738 -0.0036971262 0.99999213 0.8583498
0.99999744 0.002257225 -0.0002203052 0.0038323002 -0.0022555988 0.99997205 0.007135462 -0.020075155 0.00023632111 -0.007134944 0.9999745 0.85069335
0.9999907 0.0043093157 -0.0002623885 -0.0025387167 -0.0043090438 0.9999901 0.0010451322 -0.022400431 0.00026695602 -0.0010440022 0.9999995 0.830481
0.99999934 -0.0005796929 -0.0008781799 0.0034163506 0.00057650195 0.99999326 -0.0036364847 -0.01747139 0.00088026305 0.0036359762 0.9999929 0.8122776
0.99998474 -0.0053944984 -0.0012971141 0.012367575 0.0053928443 0.9999846 -0.0012774856 -0.016745765 0.0013039439 0.0012704786 0.99999845 0.79388356
0.999999 0.000121205296 -0.0014282741 0.0053486302 -0.00011809727 0.9999977 0.002175414 -0.02147749 0.0014285119 -0.002175248 0.9999966 0.778992
0.9999991 0.0002911306 -0.0013189358 0.003665782 -0.000286579 0.99999404 0.0034447855 -0.018048638 0.001320014 -0.0034443918 0.99999315 0.7604686
0.99998975 -0.0033842714 -0.0029950256 0.008943595 0.0033822574 0.99999404 -0.00067617 -0.017134067 0.0029972638 0.0006660308 0.9999953 0.73725176
0.99999183 -0.00085071457 -0.003964301 0.0040295473 0.0008515921 0.99999964 0.0002208235 -0.0172814 0.003964174 -0.0002242017 0.99999213 0.7164115
0.9999843 0.003297695 -0.0045095393 -0.004846405 -0.0032911485 0.9999934 0.001456567 -0.015704544 0.004514272 -0.0014416998 0.99998873 0.69370115
0.99997807 0.0017125015 -0.0064005135 -0.003975217 -0.0017154753 0.99999845 -0.0004580354 -0.018079251 0.0063997707 0.00046900215 0.99997944 0.6690824
0.9999638 0.0031902536 -0.007883823 -0.0075107245 -0.0031627754 0.9999889 0.003494877 -0.019031022 0.007894779 -0.0034698148 0.9999628 0.65016836
0.9999582 0.0021884802 -0.008880403 -0.008364239 -0.0021759332 0.9999967 0.0014224174 -0.01489586 0.008883538 -0.0014030348 0.9999596 0.6287726
0.99994236 0.0025553105 -0.010426109 -0.008752348 -0.0025861813 0.99999225 -0.0029473493 -0.016147505 0.010418531 0.002974143 0.99994135 0.6016187
0.9999219 -0.0013027607 -0.01242986 -0.0084491605 0.0012294565 0.9999819 -0.005904186 -0.015837371 0.012437307 0.0058884434 0.9999053 0.5898894
0.999849 -0.0047587003 -0.016708722 -0.0049785245 0.004649593 0.9999676 -0.0065623997 -0.012656648 0.016739357 0.0064837215 0.9998389 0.5817141
0.9997693 -0.0026025048 -0.02132092 -0.010646912 0.0025240122 0.99999 -0.003707471 -0.0063840766 0.021330396 0.0036527936 0.99976575 0.5804625
0.9996407 0.0008950081 -0.026792258 -0.03278866 -0.00087457686 0.9999993 0.0007742531 0.00059035944 0.026792902 -0.00075053633 0.99964076 0.5837954
0.9995242 0.003948944 -0.030588353 -0.03015191 -0.0037878044 0.99997866 0.005323917 -0.0055032815 0.030608779 -0.0052055186 0.9995179 0.58050466
0.9994626 0.004947459 -0.032406427 -0.04823903 -0.004775757 0.99997413 0.005374002 -0.008130369 0.03243215 -0.0052163545 0.99946034 0.5794436
0.999395 0.0038379405 -0.034567375 -0.032102127 -0.0036916432 0.99998397 0.004294852 -0.013206515 0.034583326 -0.0041646413 0.9993931 0.56892514
0.99933386 0.005762625 -0.036035772 -0.036756545 -0.0056344704 0.9999775 0.0036571007 -0.008849754 0.036056004 -0.0034516205 0.9993438 0.5626778
0.99933475 0.0038005551 -0.036272738 -0.050530106 -0.003709708 0.99998975 0.0025714564 -0.008731744 0.036282126 -0.0024351773 0.99933857 0.56448406
0.9993554 0.0039034279 -0.035689652 -0.0341147 -0.003855978 0.99999154 0.0013982215 -0.009831132 0.0356948 -0.0012597024 0.99936193 0.55264604
0.9993822 0.0029545834 -0.03501883 -0.03408267 -0.0029021117 0.99999464 0.0015491624 -0.010674323 0.0350233 -0.0014465832 0.9993855 0.55526567
0.99936515 0.004367033 -0.03535987 -0.04720524 -0.0043211635 0.9999897 0.0013735247 -0.011478759 0.03536549 -0.0012198563 0.9993737 0.5672869
0.99938023 0.006166994 -0.0346567 -0.03664425 -0.0062196027 0.9999796 -0.0014103543 -0.010306276 0.034647293 0.0016250312 0.9993983 0.5647447
0.9994535 0.007871106 -0.032102734 -0.03964064 -0.007890781 0.9999688 -0.00048637443 -0.008499109 0.0320979 0.00073942 0.99948454 0.56909776
0.9995947 0.006683526 -0.027672946 -0.041282527 -0.0066267955 0.9999757 0.0021415504 -0.00816088 0.027686585 -0.0019573031 0.9996147 0.5875756
0.99974185 0.0013811247 -0.022681184 -0.022999344 -0.001285843 0.9999903 0.0042146444 -0.006801022 0.022686789 -0.0041843774 0.99973387 0.59288764
0.9998278 0.0017935811 -0.018471796 -0.021928515 -0.0016632268 0.9999736 0.0070701013 -0.008375128 0.018483987 -0.007038166 0.9998043 0.60769534
0.99990076 0.003462382 -0.01365451 -0.020618461 -0.00336789 0.99997026 0.0069377585 -0.011363075 0.013678119 -0.006891083 0.99988276 0.620346
0.9999149 0.006470127 -0.0113304695 -0.02537981 -0.0064508556 0.9999777 0.0017358144 -0.01170152 0.011341456 -0.0016625695 0.9999343 0.6285758
0.9999414 0.0052076178 -0.009485354 -0.020420244 -0.005193372 0.9999853 0.0015254022 -0.009562687 0.009493164 -0.0014760564 0.99995387 0.6435572
0.999988 -4.6991754e-05 -0.004879569 -0.012188853 4.8091013e-05 1.0000001 0.00022768274 -0.0036151733 0.004879554 -0.00022790329 0.999988 0.6589527
0.9999914 -0.0031259914 -0.0027296203 -0.003071122 0.0031236222 0.9999947 -0.0008736637 -0.004901679 0.0027323358 0.0008651235 0.9999959 0.66921234
0.9999833 -0.0052454486 -0.0024451006 0.0010916364 0.005244551 0.9999861 -0.00037158595 -0.008734055 0.0024470112 0.00035875238 0.999997 0.68864036
0.99999696 -0.0021320519 -0.0011939319 -0.0011073488 0.002129266 0.99999505 -0.0023342904 -0.010251024 0.0011989081 0.0023317444 0.99999654 0.70173794
0.9999943 -0.0033247329 -0.0005423911 4.3294476e-05 0.0033219603 0.9999818 -0.0050373315 -0.009091364 0.0005591233 0.0050354986 0.9999872 0.7170956
0.99998736 -0.0050348463 -0.00018818979 0.0070359325 0.005033878 0.9999754 -0.004867765 -0.0064115487 0.00021269907 0.00486676 0.99998814 0.72936445
0.9999959 -0.0028626753 5.2621464e-05 0.006799822 0.0028627943 0.99999255 -0.0026183615 -0.0057463297 -4.5125933e-05 0.0026184958 0.9999966 0.7510795
0.99999946 -0.0004981704 0.0008832954 0.0024217311 0.0004963799 0.9999978 0.0020194906 -0.003955796 -0.0008842884 -0.0020190508 0.99999756 0.7738758
0.99999905 -0.00012360665 0.0013877272 0.00072230434 0.000115977724 0.9999849 0.0055018486 -0.00829067 -0.001388391 -0.0055016796 0.99998385 0.78960866
0.9999978 -0.0008567714 0.0018947115 -0.00036881943 0.00084954017 0.9999923 0.0038107776 -0.009753097 -0.0018979636 -0.0038091606 0.99999094 0.8065025
0.9999938 0.0022329022 0.0027307074 -0.0033241813 -0.00222208 0.9999898 -0.0039574355 -0.016707554 -0.00273952 0.0039513395 0.9999885 0.81155103
0.99999195 0.00135432 0.003773629 -0.0025980317 -0.0013216126 0.9999617 -0.0086572645 -0.0155862905 -0.0037852123 0.008652216 0.99995536 0.8226036
0.9999876 -0.0030659414 0.0039214017 0.0043396614 0.003092387 0.9999724 -0.0067563774 -0.0065889894 -0.0039005766 0.006768417 0.9999695 0.8424921
0.99997133 -0.0062054438 0.004340132 0.0151300365 0.0062078764 0.99998057 -0.0005458834 -0.0025305762 -0.0043366556 0.0005728096 0.9999905 0.8678208
0.9999769 -0.0050201775 0.0045711496 0.014349465 0.0050039985 0.99998116 0.0035439776 -0.007521535 -0.0045888536 -0.0035210215 0.99998313 0.883088
0.9999904 -0.00094595004 0.0042953943 0.0074873525 0.0009323288 0.9999945 0.0031722235 -0.007868918 -0.00429838 -0.0031681904 0.99998575 0.8979636
0.99998784 -0.0023493646 0.0043299296 0.009390292 0.0023431017 0.9999962 0.0014509814 -0.006986615 -0.004333319 -0.0014408203 0.9999896 0.9107461
0.9999899 -0.0021348868 0.0039419173 0.009548424 0.0021200061 0.9999907 0.003775436 -0.008941572 -0.003949936 -0.0037670394 0.99998516 0.9291449
0.99999255 0.0015082111 0.0035440277 0.002486143 -0.0015163047 0.9999962 0.0022820372 -0.0087804105 -0.003540576 -0.002287392 0.9999911 0.9391518
0.9999801 -0.00578576 0.0024967373 0.010934836 0.0057935794 0.9999783 -0.0031354313 -0.0113232955 -0.0024785423 0.0031498363 0.99999195 0.95087874
0.9999511 -0.009821332 0.0012123523 0.01757257 0.009828145 0.9999352 -0.0057474575 -0.011349926 -0.0011558274 0.0057590925 0.9999827 0.95677346
0.9999997 -0.00065875525 0.0003915139 0.005181094 0.00066208636 0.9999632 -0.008558209 -0.013048504 -0.00038584982 0.00855846 0.99996334 0.96932244
0.9999962 -0.0027702586 -4.1957173e-05 0.0041727205 0.002769996 0.99998194 -0.005326904 -0.008802735 5.6696852e-05 0.0053267647 0.99998575 0.9818734
0.9999927 -0.0038020073 -0.00044481398 0.0075916797 0.003800798 0.9999891 -0.0026963528 -0.00745725 0.0004550667 0.0026946426 0.9999963 0.994843
0.9999773 0.0066313394 0.0011969879 -0.010681791 -0.0066399598 0.99995106 0.0073370426 -0.004999536 -0.0011482815 -0.007344821 0.99997234 1.0116875
0.99999046 0.004347389 -1.7570765e-05 -0.009384729 -0.0043467926 0.9999074 0.0128958775 -0.0070374133 7.363855e-05 -0.012895671 0.9999168 1.0235407
0.99999607 0.0023038108 -0.0016105758 -0.006284876 -0.0022861054 0.99993783 0.010911915 -0.012105397 0.0016356112 -0.010908201 0.9999392 1.0280805
0.9999972 -0.00026434753 -0.002353107 -0.003699967 0.0002641038 0.9999999 -0.00010221692 -0.021441914 0.0023531374 0.00010159148 0.99999714 1.0177462
0.99998546 -0.0045342394 -0.0029229766 0.0031378816 0.0045056413 0.99994266 -0.009720803 -0.021830516 0.0029668836 0.009707513 0.99994844 1.0104976
0.99999416 -0.0016729791 -0.0029626053 -0.00046378517 0.0016408986 0.9999404 -0.010797475 -0.017408168 0.002980508 0.01079254 0.9999374 1.010274
0.999996 -0.0009792203 -0.00270204 -0.0014302906 0.0009711236 0.999995 -0.0029948782 -0.015102963 0.0027049358 0.0029922454 0.9999918 1.016245
0.99999595 -0.0001454638 -0.0028214576 -0.0028922434 0.00015006507 0.99999857 0.0016337666 -0.01548128 0.0028212306 -0.001634196 0.99999475 1.0266103
0.99999374 0.0025247477 -0.0024965652 -0.0062705916 -0.0025133172 0.9999865 0.0045688627 -0.015048338 0.0025080608 -0.0045625456 0.99998635 1.0266327
0.9999987 -0.00030992407 -0.0015862121 -0.0027289598 0.0003207508 0.99997663 0.0068274606 -0.012441234 0.0015840565 -0.006827963 0.99997544 1.0251421
0.9999991 0.00048229867 -0.0012437841 -0.0024660914 -0.00047126508 0.9999606 0.008858131 -0.017231045 0.00124802 -0.008857537 0.99996 1.0267458
0.99999386 0.003433543 -0.0007382009 -0.0071968874 -0.0034320687 0.9999921 0.0019905644 -0.024054112 0.00074501615 -0.001988029 0.9999978 1.011812
0.9999981 0.0016238039 -0.0010738021 -0.004697806 -0.0016317003 0.99997145 -0.0073970556 -0.02603413 0.0010617602 0.0073987995 0.99997205 1.0020345
0.99999803 -0.0017056157 -0.000980203 -0.00048779062 0.0016977449 0.99996674 -0.007971839 -0.019314963 0.0009937662 0.007970159 0.9999677 0.99904495
0.99999976 0.0006120996 -0.00045629407 -0.001355733 -0.00061277003 0.9999987 -0.0014720634 -0.016950719 0.00045540114 0.0014723443 0.9999988 0.9998207
0.99999774 -0.0021003122 0.0002678373 0.0024490966 0.0020988896 0.99998426 0.005208538 -0.015368414 -0.00027877657 -0.005207964 0.9999864 1.0035391
0.99999994 -0.00034952312 0.00010954455 0.00080794457 0.0003488554 0.9999816 0.0060596345 -0.017588023 -0.00011165579 -0.006059596 0.99998164 1.0021911
0.9999999 -0.00015417878 0.00059819344 0.0007523077 0.00015204855 0.9999937 0.0035480587 -0.022187604 -0.0005987371 -0.0035479662 0.99999356 0.9938073
0.9999995 -5.8672686e-05 0.0009971339 0.000698996 6.192659e-05 0.99999475 -0.0032608318 -0.022151597 -0.0009969362 0.0032608896 0.99999416 0.98327494
0.9999987 -0.0005684839 0.0014776461 0.0001714497 0.0005770923 0.9999828 -0.005830621 -0.020181587 -0.0014743074 0.005831474 0.99998194 0.9765085
0.99999833 -0.0015953995 0.00095000677 0.0027090034 0.0015993157 0.99999017 -0.004138713 -0.02294091 -0.00094338984 0.0041402113 0.999991 0.97199816
0.9999929 -0.003688407 0.0006882283 0.006767774 0.003693471 0.999965 -0.007509007 -0.021681175 -0.00066050794 0.00751151 0.99997157 0.96642166
0.99999905 -0.0011061312 0.0008110237 0.00490952 0.0011086115 0.99999464 -0.0030599786 -0.014339994 -0.00080764777 0.0030608652 0.99999493 0.97255707
0.999995 -0.0030110974 0.0010273358 0.006200958 0.0030046583 0.9999762 0.0062091732 -0.011399034 -0.0010460021 -0.0062060636 0.9999803 0.9755781
0.99999225 -0.003738785 0.0011928973 0.007747402 0.0037293218 0.99996233 0.007845902 -0.018521393 -0.0012221896 -0.00784138 0.99996847 0.97569114
0.99999887 -9.360062e-05 0.0014739489 0.0024196403 9.3180075e-05 0.99999994 0.00028763158 -0.02042653 -0.0014739615 -0.00028749058 0.99999887 0.9620301
0.9999992 0.0009004947 0.000952306 -0.00096747425 -0.0008992922 0.9999988 -0.0012724779 -0.015797378 -0.000953459 0.0012716106 0.9999988 0.9618939
0.9999843 -0.0055819503 -0.00036600663 0.008570801 0.005581372 0.99998313 -0.0015781135 -0.020042649 0.00037480934 0.0015760561 0.9999986 0.9577362
0.99999654 -0.002571181 -0.00046733322 0.005459464 0.0025704633 0.99999547 -0.0015225995 -0.02024758 0.00047124573 0.0015213763 0.99999875 0.9526551
0.9999998 -0.0004483158 -0.00054342666 0.00043487642 0.00044691493 0.99999666 -0.0025807088 -0.017651644 0.0005445815 0.0025804804 0.9999964 0.9481227
0.9999915 -0.003898709 -0.0014018515 0.0047386265 0.0039042255 0.9999845 0.0039587403 -0.015169557 0.0013863922 -0.0039641885 0.99999124 0.9497656
0.9999929 -0.003198507 -0.001971285 0.0048179883 0.0032097518 0.99997836 0.005725637 -0.016868511 0.0019529329 -0.005731918 0.99998164 0.9488238
0.99999744 0.0010993558 -0.0019925286 -0.0026708967 -0.0010946639 0.99999666 0.002352359 -0.021796476 0.001995099 -0.0023501785 0.99999523 0.94091463
0.9999963 0.00013774577 -0.0027071256 -0.003239126 -0.00014273154 0.9999984 -0.0018399196 -0.020283816 0.002706889 0.0018403033 0.99999475 0.92952114
0.99999475 -7.625882e-05 -0.0032546653 -0.0027621668 7.919998e-05 0.99999964 0.00090307 -0.014207441 0.003254569 -0.0009033125 0.9999942 0.92470574
0.99999225 0.0027936092 -0.0027495062 -0.006499077 -0.0027813474 0.9999861 0.004452647 -0.017770458 0.002761929 -0.004444979 0.99998635 0.9189262
0.9999899 0.0034784328 -0.0028252008 -0.010703562 -0.003471815 0.99999124 0.0023444232 -0.0292221 0.0028333105 -0.0023345752 0.99999326 0.90802735
0.99999434 0.0016914632 -0.0029139891 0.0046679373 -0.0017006028 0.9999936 -0.003137636 -0.030597162 0.0029086694 0.0031425732 0.99999076 0.873693
0.9999961 -0.00033148078 -0.0027784086 0.0046167234 0.00032581654 0.9999979 -0.002039962 -0.026071317 0.0027790798 0.0020390495 0.9999941 0.8648946
0.99999774 0.00031605686 -0.0020848054 0.0044405414 -0.00031709083 0.9999999 -0.000495053 -0.02743395 0.0020846466 0.0004957088 0.9999976 0.85077226
0.9999962 0.00254674 -0.0011122659 0.006500911 -0.002546845 0.9999967 -8.577054e-05 -0.022211319 0.0011120505 8.8606095e-05 0.9999994 0.84595853
0.9999988 0.0015172021 -0.00035691902 0.013702018 -0.0015176606 0.999998 -0.0012896587 -0.026249584 0.00035495387 0.0012901976 0.99999905 0.82601935
0.99999976 0.0006849386 -0.00021672265 0.010739069 -0.0006846102 0.99999875 0.0014755273 -0.020243602 0.00021773537 -0.0014753774 0.9999989 0.8008302
0.9999974 0.002242971 0.00044295006 0.0041690543 -0.002243827 0.9999955 0.0019296366 -0.01896886 -0.00043861283 -0.0019306431 0.9999981 0.78301406
0.9999928 0.0031948055 0.002057701 0.0064087263 -0.003198144 0.9999936 0.0016235531 -0.023298109 -0.0020525088 -0.0016301146 0.99999654 0.75683445
0.9999951 0.0010178784 0.0029372452 0.009553375 -0.0010222679 0.9999984 0.0014886471 -0.023938216 -0.0029357183 -0.0014916408 0.9999945 0.7312211
0.99998933 -0.0010576872 0.0044896808 0.01464426 0.0010543314 0.9999991 0.0007509089 -0.01990679 -0.004490471 -0.0007461691 0.9999897 0.7121735
0.9999792 0.00020704276 0.0064601 0.013753336 -0.00021386753 0.99999946 0.0010556662 -0.01795524 -0.00645988 -0.0010570177 0.99997854 0.6917378
0.99996567 0.0017735821 0.008085158 0.01229234 -0.0017839563 0.9999976 0.0012764893 -0.023429751 -0.008082873 -0.0012908801 0.9999665 0.6726779
0.9999404 0.001083295 0.010867131 0.016276611 -0.0010789034 0.99999934 -0.00041037373 -0.022351235 -0.010867572 0.00039862777 0.9999409 0.6499922
0.99990726 -0.00020843327 0.013624522 0.021970354 0.00024458626 0.9999964 -0.002651702 -0.018459829 -0.013623923 0.0026547841 0.9999037 0.6310217
0.9998611 -0.0015397852 0.01658944 0.02444023 0.0015899366 0.9999942 -0.003010332 -0.015472716 -0.016584713 0.0030362962 0.9998578 0.61577797
0.9997898 -0.003686467 0.020170392 0.033171296 0.0037148588 0.99999213 -0.0013701994 -0.015850171 -0.020165179 0.0014448261 0.9997957 0.5954718
0.9997521 -0.0013633048 0.022226416 0.0363194 0.0013721394 0.99999905 -0.0003825312 -0.014748556 -0.022225872 0.00041294962 0.9997528 0.58460367
0.9996783 0.0004272255 0.025357261 0.025710823 -0.0004464635 0.99999964 0.0007534918 -0.013585059 -0.025356945 -0.00076456426 0.99967825 0.5856404
0.99959284 0.001819671 0.028474689 0.037223767 -0.0018474014 0.99999785 0.00094720244 -0.015436204 -0.028472891 -0.0009994284 0.99959403 0.58273816
0.9995196 0.001192334 0.030970119 0.028495125 -0.0012165928 0.9999989 0.0007645614 -0.018469546 -0.030969134 -0.00080186856 0.99952006 0.5826014
0.9994116 -0.0010150819 0.034285173 0.0498763 0.0010523216 0.99999887 -0.0010681583 -0.017379561 -0.034284104 0.0011035973 0.9994115 0.57339
0.9992873 0.0017301008 0.037706926 0.050590217 -0.0015736027 0.9999901 -0.00417982 -0.012891319 -0.03771373 0.0041175154 0.9992801 0.5676444
0.99918216 0.0058811433 0.0400055 0.024273105 -0.005660316 0.9999681 -0.0056308727 -0.009419492 -0.040037375 0.0053998246 0.99918354 0.5683368
0.99907607 0.0041762604 0.04277397 0.050953656 -0.004005916 0.99998367 -0.0040673376 -0.012667877 -0.042790253 0.003892226 0.99907655 0.56474864
0.9989217 0.0052007884 0.04613493 0.026058786 -0.005086128 0.9999837 -0.0026022582 -0.0128589235 -0.04614778 0.0023647982 0.9989318 0.56597126
0.9986874 0.0073264916 0.05069227 0.057583816 -0.00718686 0.99996984 -0.002936201 -0.014594645 -0.05071228 0.0025680277 0.9987101 0.56007344
0.99847144 0.0091922 0.054501154 0.06057003 -0.008994673 0.9999521 -0.0038687033 -0.012230196 -0.054534018 0.0033725763 0.9985062 0.5559577
0.99838704 -0.001247832 0.0567596 0.03767639 0.0010970099 0.9999957 0.0026883704 -0.009677282 -0.05676269 -0.002621773 0.99838424 0.5577388
0.99827105 -0.00037844223 0.05877928 0.082150474 0.00028941163 0.99999887 0.001523167 -0.007054053 -0.058779802 -0.0015035116 0.9982698 0.56108
0.99809504 -0.0010525571 0.061684698 0.10713671 0.0008309141 0.9999931 0.0036187354 -0.012216668 -0.06168802 -0.0035605952 0.99808913 0.5659004
0.99807495 -0.0012693941 0.06200785 0.05410048 0.0010134275 0.9999909 0.004159305 -0.01624323 -0.062012717 -0.004088462 0.998067 0.55847794
0.9981524 -0.004809426 0.060569573 0.10510081 0.004786721 0.9999883 0.0005199497 -0.018295519 -0.06057132 -0.00022905723 0.9981639 0.5691174
0.9982777 -0.0036783863 0.05854944 0.05597057 0.0038832978 0.9999868 -0.0033864437 -0.016459605 -0.058536176 0.003607972 0.9982787 0.55665314
0.99832827 0.0033290824 0.057701193 0.083200365 -0.0029431463 0.99997276 -0.0067722294 -0.020150743 -0.05772216 0.0065910895 0.998311 0.5771746
0.9983395 0.0078823 0.05706364 0.06995443 -0.007286641 0.99991673 -0.010639122 -0.013850431 -0.05714274 0.010205649 0.9983139 0.5777394
0.9984605 -0.0014115636 0.05545141 0.046147283 0.0019506786 0.99995136 -0.009669338 0.00072650483 -0.055435065 0.009762619 0.9984146 0.5748888
0.99844825 -0.009240554 0.054914538 0.08981806 0.009424088 0.9999509 -0.0030842698 0.0020096418 -0.054883424 0.0035970053 0.9984862 0.6198011
0.99843884 -0.0067884214 0.05544261 0.08540881 0.0067333677 0.9999767 0.001179904 0.0017197026 -0.055449262 -0.000804744 0.9984612 0.62776333
0.9985202 -0.001543031 0.05436003 0.0512282 0.0014127423 0.99999607 0.002435006 0.0010198061 -0.05436371 -0.0023546084 0.99851847 0.61142975
0.9986213 0.00083675067 0.052484896 0.067376174 -0.00084725657 0.9999996 0.00017794539 -0.0026178132 -0.05248469 -0.0002221693 0.99862164 0.6402838
0.99873716 -0.0040931697 0.050074067 0.06962774 0.0040812897 0.9999916 0.00033954257 0.0020531951 -0.050075028 -0.0001347455 0.9987455 0.6503178
0.9988457 -0.002178057 0.04798458 0.0483952 0.0021511053 0.9999975 0.0006133863 -0.0036183367 -0.04798577 -0.00050946424 0.9988479 0.637338
0.9988875 0.0035165907 0.04702632 0.052978784 -0.0034611549 0.9999932 -0.0012600999 -0.0042975615 -0.047030427 0.0010959327 0.9988929 0.6718034
0.99901956 0.001036341 0.044260405 0.03700767 -0.00090342434 0.9999951 -0.0030229755 -0.0054577147 -0.044263236 0.0029800346 0.9990155 0.6590497
0.9992183 -0.009380599 0.03840322 0.058277342 0.009706195 0.99991846 -0.008301014 -0.008012972 -0.038322322 0.008667272 0.99922776 0.6816094
0.9994854 -0.0052411845 0.031642564 0.04736034 0.005530241 0.9999437 -0.009054326 -0.0046093226 -0.03159329 0.009224654 0.99945825 0.6880198
0.9996015 -0.0016157767 0.02818694 0.028440682 0.0017119892 0.99999285 -0.0033894845 0.0036353848 -0.028181236 0.0034363843 0.9995969 0.6971707
0.99973017 -6.356137e-05 0.023223987 0.024041856 -3.5267894e-05 0.9999909 0.0042550983 0.009666508 -0.023224 -0.004254765 0.9997213 0.7169425
0.9998222 -0.0010921268 0.01882632 0.02028206 0.00089348835 0.9999439 0.010556179 0.0070466124 -0.018836873 -0.010537484 0.999767 0.7264785
0.9998609 0.0020007526 0.016560705 0.011689851 -0.0021749055 0.9999425 0.010504726 0.0017133205 -0.016538728 -0.010539275 0.9998077 0.7309074
0.9999152 -0.0032579312 0.012611438 0.0047387006 0.0032116054 0.999988 0.0036918763 -0.00873489 -0.012623318 -0.0036510623 0.99991363 0.7369917
0.99993014 -0.008540302 0.00816947 0.008404436 0.008537217 0.99996346 0.0004127079 -0.005825419 -0.008172701 -0.00034293436 0.99996656 0.735345
0.9999609 -0.0069370735 0.005479788 0.017707512 0.0069629936 0.9999646 -0.0047248164 -0.012811045 -0.005446815 0.0047627827 0.99997383 0.7423441
0.9999871 -0.003214207 0.0039278567 0.00733891 0.0032329059 0.9999835 -0.004762652 -0.013697607 -0.00391249 0.0047752955 0.9999809 0.74598044
0.9999979 -0.001468395 0.0014542462 0.0047129896 0.0014716801 0.99999636 -0.0022571003 -0.00822991 -0.0014509191 0.0022592305 0.9999964 0.7631353
0.9999978 -0.0020506878 0.0002859176 0.0044023097 0.0020506135 0.9999978 0.00022005088 -0.0056906724 -0.00028636432 -0.00021946101 0.9999999 0.7746141
0.9999989 -0.0002462806 0.0014842009 0.010381588 0.00024029262 0.9999919 0.0040322933 -0.017907687 -0.001485188 -0.004031933 0.9999908 0.78364784
0.9999866 -0.0051649585 0.00013816587 0.014034434 0.0051648743 0.9999864 0.0005981159 -0.022849433 -0.0001412472 -0.0005973876 0.9999998 0.7907379
0.99999845 -0.0017592742 -0.00039024468 0.008617225 0.0017578513 0.99999195 -0.003634226 -0.030365212 0.0003966329 0.0036335238 0.99999326 0.7873945
0.9999962 -0.0027222892 -0.00044636993 0.0036761328 0.0027182442 0.9999573 -0.008828618 -0.02778853 0.00047038475 0.00882737 0.99996096 0.8007687
0.9999587 -0.009012359 -0.0012208032 0.013759816 0.009004303 0.9999386 -0.0064514154 -0.023530249 0.0012788641 0.0064401664 0.9999785 0.81094956
0.9999465 -0.010191481 -0.0017762942 0.018491007 0.010184868 0.9999413 -0.0036899017 -0.019446945 0.0018137959 0.0036716114 0.99999154 0.826577
0.9999619 -0.008552677 -0.0017084028 0.017215744 0.008553817 0.9999632 0.0006589256 -0.01855115 0.0017027075 -0.00067352335 0.9999983 0.8383823
0.9999828 -0.005581724 -0.0018105496 0.010547825 0.005589151 0.9999759 0.0041227955 -0.01084662 0.0017874934 -0.0041328375 0.9999899 0.8516808
0.9999964 -0.0012241672 -0.002404298 0.004675609 0.0012425245 0.99996996 0.0076489816 -0.016056702 0.0023948655 -0.007651944 0.9999678 0.8622649
0.9999911 0.0037695803 -0.001910869 -0.0031811506 -0.0037516402 0.9999497 0.00930458 -0.018649934 0.0019458458 -0.009297325 0.9999549 0.8736514
0.9999802 0.0060430304 -0.0017077773 -0.00886425 -0.0060360553 0.9999734 0.004065029 -0.017091608 0.0017322946 -0.004054641 0.9999903 0.8776552
0.9999821 0.005946096 -0.00067596685 -0.011812154 -0.005943881 0.9999771 0.003247422 -0.014096517 0.00069526536 -0.0032433472 0.99999446 0.8864516
0.99996644 0.008152475 -0.00076984346 -0.0135643175 -0.008150657 0.999964 0.0023254766 -0.017621221 0.0007887706 -0.002319122 0.999997 0.8972511
0.9999981 0.0018849855 -0.0004954674 -0.005050754 -0.0018875983 0.9999841 -0.0053334143 -0.021014161 0.00048541665 0.005334337 0.9999857 0.8997602
0.9999986 0.0014829788 -0.000790482 -0.0025607576 -0.0014906188 0.9999512 -0.009757279 -0.016853863 0.00077595393 0.009758449 0.999952 0.8988543
0.9999989 0.0014393214 -3.5521392e-05 -0.0027014741 -0.0014395295 0.99997693 -0.0066413614 -0.010924361 2.5970734e-05 0.0066413903 0.99997795 0.9189082
0.99999934 0.0011568163 0.0003023486 -0.0021836474 -0.0011568312 0.99999934 2.3872455e-05 -0.009765126 -0.00030231677 -2.422133e-05 0.9999999 0.93379796
0.9999916 0.00395255 0.0011169158 -0.003621612 -0.0039583785 0.9999783 0.005270962 -0.012233472 -0.0010960592 -0.00527534 0.9999855 0.94953567
0.99999064 0.0038879437 0.001861301 -0.004590991 -0.0038981284 0.9999773 0.0054991394 -0.011682598 -0.001839876 -0.005506341 0.9999832 0.9588389
0.99999106 0.0039291135 0.0015888591 -0.0055919797 -0.0039373417 0.99997866 0.0052082706 -0.012472589 -0.0015683684 -0.005214475 0.99998516 0.9684693
0.99999636 0.002143508 0.0016242084 -0.0029108007 -0.0021510539 0.9999868 0.0046616313 -0.011945697 -0.0016141976 -0.004665107 0.9999878 0.98254335
0.9999953 0.0027113794 0.0014143224 -0.004002523 -0.002712225 0.9999961 0.0005924698 -0.017840942 -0.001412708 -0.0005963028 0.9999988 0.98739225
0.99999976 -0.00022506557 0.00056204415 -0.015336775 0.00022835663 0.9999829 -0.005855212 -0.029674575 -0.0005607077 0.0058553293 0.9999827 0.99531215
0.99999964 -0.00064774987 -0.0006223164 -0.013777476 0.00064040284 0.9999309 -0.011732643 -0.024973776 0.0006298757 0.011732247 0.999931 0.998717
0.9999954 -0.0028643867 -0.001039836 -0.012469457 0.0028605156 0.9999891 -0.0037068785 -0.014674295 0.0010504316 0.0037038869 0.9999926 1.0142605
0.9999972 0.00094369974 -0.0021456596 -0.020405935 -0.00092182826 0.9999477 0.010176417 -0.017591845 0.0021551517 -0.0101744095 0.9999459 1.0527334
0.9999993 -7.421346e-05 -0.001195568 -0.023561249 8.7991255e-05 0.9999336 0.011526712 -0.0244878 0.0011946239 -0.011526808 0.9999328 1.0619133
0.9999992 0.00041780877 -0.0011247131 -0.008714535 -0.00041620835 0.999999 0.0014142648 -0.025379902 0.001125316 -0.0014137955 0.9999984 1.0541952
0.99999934 -0.00028450138 -0.0011393084 -0.010141718 0.00027861545 0.9999866 -0.00515949 -0.022176675 0.0011407544 0.0051591685 0.9999861 1.054394
0.99999577 -0.0026504532 -0.0011776634 -0.003842403 0.0026431354 0.99997747 -0.006167034 -0.01985607 0.0011939894 0.006163897 0.99998033 1.0531904
0.9999986 0.0013010874 -0.0011558034 -0.010946976 -0.0013023621 0.99999857 -0.001106854 -0.019671643 0.0011543499 0.0011083538 0.9999986 1.0686157
0.9999995 0.000457237 -0.0007839974 -0.009343761 -0.0004559179 0.9999985 0.0016774774 -0.025574714 0.0007847678 -0.0016771283 0.99999833 1.0743374
0.99999964 -0.00040243586 -0.00079919805 -0.009321153 0.00040468547 0.9999959 0.0028298902 -0.019832084 0.0007980526 -0.0028302094 0.9999957 1.073439
0.99999374 0.0034888731 -0.00047752156 -0.013050181 -0.003488038 0.99999243 0.0017201836 -0.019487968 0.0004835243 -0.001718497 0.99999833 1.0704957
0.9999989 0.0015127171 -0.00020520696 -0.011106378 -0.0015119009 0.9999912 0.0039059094 -0.018438635 0.00021110672 -0.003905598 0.9999924 1.0768458
0.9999999 0.00021608522 -0.00036678757 -0.009252234 -0.00021523789 0.9999973 0.0023355146 -0.019478727 0.00036729712 -0.0023354343 0.9999972 1.0768788
0.9999996 -0.00084515556 -0.00012479571 -0.006075396 0.000845101 0.99999946 -0.0005015213 -0.023438571 0.0001252262 0.0005014151 0.9999999 1.0714067
0.99999684 -0.0025085036 -4.586365e-05 -0.004051708 0.0025083122 0.99998957 -0.003844788 -0.024220085 5.5497727e-05 0.00384466 0.9999926 1.068085
0.99999875 -0.0011768617 -0.0010740373 -0.0038257209 0.0011705315 0.999982 -0.005876369 -0.020629559 0.0010809499 0.0058750995 0.9999822 1.0591778
0.9999995 0.00020929187 -0.0010124675 -0.0073300595 -0.00020933169 1.0 -2.8469989e-05 -0.019389505 0.0010124499 2.8679797e-05 0.99999946 1.0680987
0.99999595 -0.0023937088 -0.0014897372 -0.004346556 0.0023932885 0.9999971 -0.0002890857 -0.021365842 0.0014904358 0.00028553317 0.99999887 1.063231
0.99999917 0.000450381 -0.0013099442 -0.0084281815 -0.00045733375 0.9999858 -0.005305151 -0.023642676 0.0013075203 0.0053057424 0.999985 1.0577562
0.9999994 0.00046447548 -0.0009969007 -0.0076096836 -0.00046589106 0.99999887 -0.001431408 -0.017417818 0.0009962311 0.0014318691 0.9999985 1.0574396
0.999999 0.0010991838 -0.0008810413 -0.007859296 -0.0010927002 0.9999726 0.0073310332 -0.013801081 0.00088908774 -0.0073300637 0.9999728 1.0627015
0.99999845 0.0017022131 -0.0005058205 -0.0073115746 -0.0016975112 0.9999566 0.009156137 -0.022418596 0.000521391 -0.009155263 0.999958 1.0660075
0.9999995 0.00081500853 0.00045856327 -0.006642327 -0.0008154448 0.9999992 0.0009475308 -0.023961479 -0.00045779397 -0.00094790384 0.9999994 1.0549886
0.99999845 0.0015545362 0.0008619257 -0.007219369 -0.0015493287 0.99998075 -0.006010129 -0.021647768 -0.00087124907 0.0060087866 0.9999816 1.0435845
0.9999963 0.0024909915 0.001010547 -0.008326252 -0.0024866455 0.9999878 -0.004273601 -0.019820826 -0.0010211839 0.0042710635 0.9999903 1.0431037
0.9999951 0.0028508867 0.001322712 -0.008830277 -0.0028491763 0.9999951 -0.0013016643 -0.01831403 -0.0013264156 0.0012978882 0.99999833 1.0451995
0.99999523 0.002803726 0.0013109264 -0.009521561 -0.0028071238 0.9999927 0.0026032848 -0.016710121 -0.0013036161 -0.0026069495 0.99999577 1.0575806
0.999997 0.0020643724 0.0013003759 -0.011788462 -0.002067601 0.9999947 0.0024833553 -0.011675191 -0.0012952504 -0.0024860338 0.999996 1.0602809
0.9999931 0.0036078428 0.000861964 -0.016155895 -0.003609535 0.9999916 0.0019704602 -0.007694442 -0.0008548445 -0.0019735566 0.9999977 1.0546074
0.99999976 0.00068376266 0.0003126459 -0.017202007 -0.0006832307 0.9999983 -0.0017002544 -0.0023337943 -0.00031380638 0.0017000451 0.9999985 1.0522256
1.0 1.77976e-05 -3.633382e-05 -0.01423213 -1.7934617e-05 0.9999929 -0.003792208 -0.001022369 3.6261394e-05 0.003792199 0.9999928 1.0491518
0.9999981 0.0019271319 0.00021423685 -0.016998641 -0.0019265849 0.9999948 -0.0025294858 0.014213648 -0.00021910155 0.0025290733 0.9999968 1.0495296
0.9999992 0.0012002921 0.0004836266 -0.014545043 -0.0012011619 0.99999774 0.0018011429 0.00041009582 -0.00048147643 -0.0018017219 0.9999982 1.0467231
0.9999984 0.0016420799 0.0006326853 -0.015536341 -0.0016454266 0.9999844 0.0053246142 0.0020558713 -0.0006239348 -0.005325647 0.99998564 1.0472662
0.9999994 0.00092658924 0.0005815204 -0.01791281 -0.0009283896 0.99999475 0.0031043391 -0.002774375 -0.0005786285 -0.0031048767 0.99999505 1.0427482
0.9999938 0.003524646 -1.9272946e-05 -0.01863697 -0.0035246317 0.99999356 0.0007459811 -0.00889945 2.1895055e-05 -0.0007459091 0.99999976 1.0383503
0.9999876 -0.0049129534 -0.0007868607 -0.009120519 0.0049126125 0.99998784 -0.00043571336 -0.005670828 0.0007889865 0.000431842 0.9999995 1.0343268
0.99998456 -0.0052998154 -0.0016496959 -0.004979656 0.005297705 0.99998504 -0.0012813442 -0.01066129 0.0016564765 0.0012725849 0.9999978 1.0291897
0.99999803 -0.00084167963 -0.0017897536 -0.013618076 0.00083590474 0.9999945 -0.0032248525 -0.010152807 0.001792454 0.0032233458 0.99999326 1.0273452
0.9999905 0.0038679526 -0.0020070705 -0.01970364 -0.0038698912 0.9999921 -0.0009626794 -0.012638697 0.002003331 0.00097043725 0.9999975 1.0193026
0.9999869 -0.004468178 -0.0024971953 -0.010182554 0.0044705113 0.99998957 0.000929296 -0.0025025278 0.0024930125 -0.00094044354 0.99999636 1.0270121
0.9999937 0.0015825061 -0.0032013163 -0.018378781 -0.0015533374 0.99995744 0.0090938145 -0.008763433 0.0032155698 -0.009088783 0.99995357 1.0294379
0.99997324 0.0069191973 -0.0023684807 -0.026213748 -0.006901561 0.999949 0.0073753577 -0.014672798 0.0024194007 -0.0073588127 0.99997 1.02376
0.99999464 -0.00030069507 -0.0032604476 -0.016899953 0.0002993543 0.9999999 -0.00041170733 -0.01845306 0.003260574 0.00041072894 0.99999464 1.0206671
0.99999326 -0.0018192007 -0.0031669925 -0.012974145 0.0018072649 0.99999124 -0.003767692 -0.019498708 0.0031738104 0.0037619423 0.9999879 1.0084103
0.99998635 -0.0040098447 -0.0033762753 -0.012018605 0.0039825556 0.9999597 -0.008051029 -0.013410329 0.0034084104 0.008037472 0.99996185 1.006286
0.99998903 -0.0034396516 -0.003150982 -0.012876835 0.003415908 0.99996597 -0.0075100097 -0.004995574 0.0031767183 0.0074991644 0.9999668 1.0053029
0.9999901 -0.0026607842 -0.00354535 -0.014609438 0.002662697 0.99999636 0.0005354024 -0.0005921275 0.003543916 -0.0005448378 0.99999356 1.0120196
0.99998873 -0.0019668352 -0.004343826 -0.015022436 0.0019829308 0.9999911 0.0037037027 -0.009709657 0.0043364963 -0.0037122737 0.99998367 1.0176793
0.9999822 0.0028840967 -0.0052219103 -0.023246804 -0.0029050335 0.99998784 -0.004006297 -0.012122718 0.005210286 0.0040213875 0.99997836 0.9993127
0.9999858 -0.0017812973 -0.005025364 -0.016067984 0.0017540078 0.99998367 -0.005429066 -0.008091844 0.0050349655 0.0054201777 0.99997264 1.0027158
0.9999849 0.0033943895 -0.0043013482 -0.024243513 -0.0033937825 0.99999434 0.00014732048 -0.0042521064 0.004301867 -0.00013272652 0.9999907 1.006415
0.9999871 0.0008531743 -0.005009813 -0.022557376 -0.00082176976 0.99998 0.00626802 -0.010714033 0.0050149555 -0.0062638116 0.9999679 1.0099022
0.9999764 0.0036244723 -0.0058370274 -0.020112824 -0.0035856646 0.99997145 0.006645295 -0.013246166 0.0058610574 -0.006624207 0.99996084 1.0008755
0.99998546 -0.0006815433 -0.005342403 -0.01512351 0.0006766561 0.9999994 -0.0009167149 -0.016944366 0.005342995 0.00091308577 0.99998534 0.9926271
0.9999847 0.003440491 -0.0043398542 -0.01866743 -0.0034400604 0.9999941 0.00010686441 -0.013566593 0.004340177 -9.193279e-05 0.9999906 0.9960273
0.9999548 0.009159091 -0.0025182934 -0.02562431 -0.009157585 0.9999578 0.0006092248 -0.014922714 0.0025238225 -0.000586136 0.99999666 0.9946518
0.9999264 0.0120584965 -0.0013820888 -0.03142175 -0.012059135 0.9999273 -0.0004529387 -0.017689863 0.001376446 0.00046957374 0.9999989 0.99527305
0.9999629 0.008581363 -0.00064843526 -0.028019002 -0.008580991 0.999963 0.00058540405 -0.017755857 0.0006534075 -0.00057982135 0.99999964 0.9958053
0.9999719 0.0074476837 0.0009547962 -0.021449108 -0.0074459026 0.99997056 -0.001848858 -0.013870864 -0.00096847746 0.0018416956 0.9999978 0.9935306
