0.9999408089639862 -0.007302433267856153 -0.008065546078598594 -0.0036771350657318846 0.007302173095305368 0.9999733368740494 -6.170568383624285e-05 -0.008483388708341593 0.008065781627572611 2.8060162111901084e-06 0.999967471049466 0.7757344836328789
0.9999359456383554 -0.0020746359385746477 -0.0111265675655902 -0.012090353943036102 0.0020231762861599506 0.9999872153994641 -0.004634198451642875 -0.006957935938299251 0.01113603959154193 0.004611390603328207 0.9999273592109708 0.5870892750580697
0.9999460218468734 -0.00460650860831683 -0.009313081396446793 -0.006927005886155577 0.004599492548625482 0.9999891222479184 -0.0007746334377849171 -0.009989693657234837 0.009316548446204692 0.0007317561815924486 0.9999563322812156 0.7431539473386832
0.9999543919528597 -0.00393856355350577 -0.008700673388020289 -0.007340837327602349 0.003925224509147318 0.9999910955586162 -0.0015496494165703817 -0.010053265952643501 0.008706699307016272 0.001515426638436756 0.9999609476661399 0.7179941823823535
0.9999667366717908 -0.002768248179770501 -0.007672180568237802 -0.007159015142217298 0.0027446476718580065 0.9999914749956337 -0.0030849385573950123 -0.0092074851688523 0.0076806550380688786 0.0030637785103912623 0.9999658098166094 0.6331977945987582
0.9999719962414322 -0.00011875058489725412 -0.007482822618007492 -0.010292422111248825 0.00011825597219372567 0.9999999907938328 -6.654216929328538e-05 -0.01531234528849259 0.007482830451040466 6.565541744821606e-05 0.9999720010784878 0.8972165731945413
0.9999848802574721 -0.0003324369516362695 -0.005488965272994653 -0.007805165634029764 0.00032878145745051393 0.9999997235999776 -0.0006668603141984504 -0.014704065952702074 0.005489185444871689 0.0006650455612985661 0.9999847131607428 0.8740335035123128
0.9999810360757043 -0.0007985771062066808 -0.006106534827469659 -0.0071128994093816265 0.0008010766555157608 0.9999995963588277 0.00040688875550492836 -0.012922915658525741 0.0061062074306106745 -0.00041177284127444586 0.9999812721635961 0.7902348511920952
0.9999888753714353 -0.00238879653543191 -0.004067282597302089 -0.004446708088844849 0.002398939844194185 0.9999940204113322 0.00249082936920703 -0.013074769598273627 0.004061308192928172 -0.002500558824518075 0.9999886264276417 0.9757992118542386
0.9999910901748426 -0.0031988673297599825 -0.002754417986475446 -0.002769460393074845 0.0032121429806015265 0.9999831817520505 0.004828907740485972 -0.01322972631749936 0.0027389246265272704 -0.0048377123003075775 0.9999845472961484 1.1476033540826927
0.9999939948808205 -0.0028915553326675286 -0.0019102645349514755 -0.0011638407608080053 0.0028997334634270283 0.9999865835756905 0.00429234384240492 -0.011778837097608737 0.0018978273568617584 -0.004297857324117673 0.9999889632764621 0.9440724102279774
0.9999977012667551 -0.001912961321669799 -0.0009685249965390078 -0.0011205464288630215 0.00191524723644148 0.9999953697595503 0.0023648019903477944 -0.012371352212671122 0.0009639967377687661 -0.002366651518928157 0.9999967348304502 0.8703162252453613
0.9999994293083098 -0.0010107453052794284 -0.0003460878647743998 -0.0016787345109731 0.0010096626205491816 0.9999946406418061 -0.003114364692508451 -0.014634128494552713 0.00034923383993288454 0.003114013483132835 0.9999950904650823 0.850579957653453
0.9999966725893421 -0.002385877600993083 -0.000981018605474782 -0.0006419954624231118 0.002381966178166342 0.999989286080975 -0.00396912556748092 -0.015031184529835304 0.0009904779438633794 0.00396677560714475 0.9999916417864118 0.8661122886281613
0.9999999417485665 -0.0003315400796741636 8.114208964074385e-05 -0.002168866120904483 0.00033164050001996523 0.9999991753165004 -0.0012407178939967008 -0.015034829123405967 -8.073067501343421e-05 0.0012407447317263735 0.9999992270172331 0.9013585257500558
0.99999906427475 0.000552271349661687 0.0012515773957080573 -0.002208524958580026 -0.0005540124837746742 0.9999988787707632 0.0013912323243711333 -0.013632738312895566 -0.0012508076546481161 -0.00139192441206272 0.9999982490117851 0.8517765163646894
0.9999943720878692 0.0033475929450201805 0.00022229257350426767 -0.0071278169858967925 -0.003347503238936292 0.9999943160100488 -0.00040270284927242014 -0.015813445410177904 -0.00022363939522156463 0.00040195645778144754 0.9999998942082072 0.8685426285918443
0.9999984666241286 0.001687608703766713 -0.000467682068053348 -0.005667782246420698 -0.001688925086673196 0.999994572859643 -0.002828742519140946 -0.01650302464737045 0.0004629057197894188 0.0028295280615255897 0.9999958897365261 0.8875667766500509
0.9999991922712739 -0.0010434152390452118 -0.0007257694478862768 -0.0029479619164916255 0.0010401627828553555 0.9999894800387251 -0.004467423345546397 -0.01950573595371843 0.0007304231908418095 0.0044666648186424945 0.999989757640294 1.0870222403694692
0.9999962103524515 -0.0027356220092497998 -0.00030927832194993374 0.0005249371507050184 0.0027342497637370565 0.9999867851814918 -0.004353543503984056 -0.01445027753563703 0.0003211838841285938 0.004352681361423785 0.9999904754577346 0.8414177730823184
0.999999756549228 -0.0005839468353254149 0.0003819784635823323 -0.0019286319968181709 0.0005841203596499214 0.9999997261964848 -0.0004543240310784175 -0.016051371496984598 -0.00038171305789785697 0.00045454704188491787 0.9999998238410371 1.030636731234855
0.9999997484136385 -0.0007043058465761431 8.441481191150187e-05 -0.002219185652901888 0.0007040149449661515 0.9999939790973296 0.003397959723055408 -0.014555263388302837 -8.680750690866844e-05 -0.0033978994388770747 0.9999942233543974 1.0596191649346909
0.9999996665880725 -0.0003871856934872975 0.0007189652755553716 -0.0018131875819610353 0.0003834596986994859 0.9999865341773148 0.005175367245583515 -0.01158330478138523 -0.0007209594219988741 -0.005175089825881688 0.9999863492399674 0.882545992821836
0.9999941079692662 -0.003124723000192419 0.0014213137869616033 0.002776667614691749 0.003118086670403842 0.9999843383385937 0.00464764595552414 -0.011451640242045664 -0.001435814133092625 -0.0046431867918616514 0.9999881895573096 0.9544068477922376
0.9999996224784806 2.0691531654998325e-05 0.000868685605968667 -0.002023911902069194 -2.363537230243567e-05 0.9999942571416601 0.003388970925163274 -0.013405788104777536 -0.0008686104942236798 -0.0033889901774634378 0.9999938801113609 0.9166374106260439
0.9999997107065473 0.0007162474428251146 -0.0002560790174474036 -0.0039465376756945185 -0.0007166166532619324 0.9999986997798278 -0.0014446104696988879 -0.015413032508025889 0.00025504398600635674 0.001444793562258103 0.9999989237615604 0.8869850934486131
0.9999994253871158 -0.0009628347758783962 -0.00047135421363390516 -0.00203834406658106 0.000962467201669026 0.9999992330706007 -0.0007794326864102645 -0.01437169546360892 0.00047210431692861355 0.0007789785756312724 0.9999995851549188 0.9133588852393711
0.9999985542855332 -0.0016181792958554154 0.0005224201944630206 -0.0002475199131757984 0.0016196670824755786 0.9999945981717986 -0.002860123545888325 -0.016284940468817375 -0.0005177891801331463 0.0028609655576858368 0.999995773376654 0.9631075878708604
0.999999052195205 -0.0013683822697662061 -0.00015211320476014395 -0.0012747944948732653 0.0013683698371227727 0.9999990604352575 -8.180687346190993e-05 -0.01654934141531772 0.00015222500492859933 8.159864877865524e-05 0.9999999850846023 1.0144313744721813
0.9999999250236509 2.530627906715367e-05 0.0003864094856685374 -0.0025430148215288065 -2.528034011440482e-05 0.99999999742704 -6.713288629848275e-05 -0.01484040576299638 -0.000386411183557811 6.712311270226029e-05 0.9999999230904425 0.9323812111814979
0.999999978072366 -0.00020826216337555697 -2.195787977117769e-05 -0.0026442882054593334 0.00020828717956268724 0.9999993222214688 0.0011455013539137353 -0.014609448435389456 2.171930035092205e-05 -0.0011455059023394477 0.9999993436721787 0.9428286657808911
0.9999983917773931 -0.0010288984264704463 -0.0014689485956038192 -0.002610701681678711 0.0010276622114807306 0.9999991174126385 -0.0008420712265865069 -0.014328816966166506 0.0014698137050709274 0.0008405602890673638 0.9999985665517065 0.842545776978471
0.9999981512986718 0.001704104922429695 0.0008907450786449875 -0.004317673310868301 -0.0017048161220000796 0.9999982281713617 0.0007982839235872263 -0.01608838246148921 -0.0008893831412546515 -0.0007998010039004016 0.9999992846579564 0.9711839348855815
0.9999989407641 -0.0014298970393190873 -0.0002717825147971962 -0.001610821846817159 0.0014302907337395577 0.9999979201726465 0.0014539325902265799 -0.015366453512110823 0.0002697029762196503 -0.0014543197780717703 0.9999989061068556 1.0675756383369965
0.9999992002100236 -0.0011961319314303714 -0.0004109108204858153 -0.0018038780538710544 0.0011962099025507411 0.9999992665744295 0.0001895585925010895 -0.014758285725838866 0.00041068378202605336 -0.0001900499764906514 0.9999998976099127 0.9693634608168828
0.9999993874951831 0.00011421285870302096 0.0011008925505066162 -0.002048860689666915 -0.00010955302597449855 0.9999910394366192 -0.004231907442421122 -0.016556578168631018 -0.001101366024241673 0.004231784244219728 0.9999904394496578 0.9311659151217759
0.999998654056495 0.001499007712389693 -0.0006669791995370243 -0.006074220086715057 -0.0015052043716400963 0.9999547875313087 -0.00938920970736987 -0.016993331578310133 0.0006528745469187576 0.00939020100996615 0.9999556979614714 0.8452645190660057
0.9999978872723269 -0.0003491016668721404 -0.002025729272100085 -0.005049682888278332 0.00034156812289855775 0.9999930295655616 -0.0037180844644474622 -0.018258273925819832 0.002027013141317935 0.003717384684631537 0.9999910360946112 0.9979878385638439
0.9999949579637712 0.0030172307212774528 -0.0009901343150153165 -0.00877165236280303 -0.003014318746372935 0.9999911661509231 0.0029294202290062145 -0.016577331553599382 0.0009989643048958284 -0.002926420878381246 0.9999952190542233 1.067490735476754
0.9999981965791812 0.00142278820632942 0.001257979406805046 -0.003887496866502857 -0.0014285437805916373 0.9999884627015311 0.004586254138744712 -0.014362281233432882 -0.0012514396249714232 -0.0045880429464151655 0.9999886918167155 1.039947297896618
0.999996106477228 0.0013921849656284857 -0.0024184399941708334 -0.006707614205834876 -0.0013912472469573822 0.9999989564082127 0.0003893760959993277 -0.013580093765242995 0.002418979553812002 -0.0003860099322299691 0.9999969997628555 0.7847800288790174
0.9999990135083293 -0.0003196044133849567 -0.0013677847896334512 -0.003241565908659056 0.00031592126860955066 0.9999963262536905 -0.0026921501243265928 -0.013039277804465824 0.001368640187868199 0.0026917153562025114 0.9999954407354836 0.7606457981264275
0.9999997367198681 -0.0007164320525604428 -0.00011526210088910892 -0.001731450406132252 0.0007163710032709625 0.9999996035764268 -0.0005288285545264445 -0.013546186340304732 0.0001156409248920766 0.0005287458448763497 0.9999998535275053 0.8397806006672273
0.9999982701995525 -0.0011021953808283023 0.0014982533510096135 0.00035762069588567494 0.0011007682313377955 0.9999989400178743 0.0009530332324185312 -0.013894155165579618 -0.0014993021917573002 -0.0009513823541023905 0.9999984234809698 0.9077431665149182
0.9999996453540673 0.0007937824855997941 0.00028142688817271445 -0.0037325347844405442 -0.0007943756627495726 0.9999974501097989 0.0021139397156902844 -0.014785241805802133 -0.0002797481622151293 -0.002114162524664685 0.9999977260262691 0.9488877772141977
0.9999999380360233 -0.0002806284933439659 -0.00021254550031906888 -0.0023753178863160267 0.00028001065463527575 0.99999575194001 -0.0029013264849749466 -0.013560224201436797 0.00021335879235014415 0.002901266790188357 0.9999957685552702 0.8018974899089972
0.9999985838074743 -0.0005053213354590616 -0.0016053142191916358 -0.0031123166216511025 0.0005017984602482726 0.9999974669408283 -0.002194153790397049 -0.012659860013292761 0.0016064189054233158 0.0021933451389489853 0.9999963043213268 0.7406085172220358
0.9999985179406088 -0.001064156669012985 -0.001353398399235965 -0.0022608523459242942 0.00106478086758736 0.9999993270576182 0.00046057142852755443 -0.011745509164330106 0.001352907368329108 -0.0004620118186271774 0.9999989780928638 0.7564894791324078
0.9999977290545221 -0.0007378852416215669 -0.001999352723910885 -0.0032192927916253698 0.0007363450097359443 0.9999994316836048 -0.0007709919133909957 -0.012278541318411072 0.0019999204911820283 0.0007695179491567552 0.9999977040775155 0.7532901290303918
0.9999920894154443 0.0018864533501538384 -0.0035017709367233824 -0.00896313348146396 -0.0018863158983274619 0.9999982199990755 4.2554409347296205e-05 -0.012262388517547343 0.003501844980478756 -3.594862627689029e-05 0.999993867875681 0.7316569354359057
0.999959815137875 -0.0003783981105395585 -0.008956836543135544 -0.01267061211055659 0.0003802886440933824 0.9999999057724972 0.00020936937642433473 -0.00991805617573875 0.008956756474175336 -0.00021276714631443945 0.9999598648146694 0.7229166982455921
0.9999912417215674 0.0014463181880611537 -0.003927422252646976 -0.007349463608575692 -0.0014540226840797765 0.9999970229431026 -0.001959572285502364 -0.009301920142593274 0.003924576395725351 0.001965265683517376 0.9999903676699943 0.5275470719945378
0.9999746750011537 -0.0012140690417701398 -0.007012516242272859 -0.008673511440547916 0.001167382579438951 0.9999771548593898 -0.006657850210813621 -0.007954872598365028 0.007020439131532142 0.006649495310038489 0.9999532477223884 0.5682512949174846
0.9999583113255109 -0.00011949471279455159 -0.009130243283988228 -0.010768840801522992 6.997389427086884e-05 0.9999852878282055 -0.005423950078849494 -0.009075245174168167 0.009130757091573436 0.005423085082989664 0.9999436081285566 0.5832890535069256
0.9998272603098943 -0.0004667491318133736 -0.018580412033337337 -0.020027702052774002 0.0004092594124060192 0.9999951181027512 -0.00309778599986592 -0.007833099077470491 0.018581767214503372 0.0030896466813471863 0.9998225702774045 0.5869708651717036
0.9994924872939701 0.0002849036811123178 -0.03185414338460593 -0.03466454861047236 -0.00020424845493856425 0.9999967654106604 0.002535241481614674 -0.005964067694919522 0.0318547626492994 -0.00252744865307551 0.9994893125373755 0.5906954492093142
0.9995590085415462 0.0011487017303778214 -0.029672696759821506 -0.028661351872099006 -0.0009329226865303018 0.9999730303540993 0.007284793752741783 -0.0037354602018555873 0.02968026455284137 -0.0072538988891254624 0.9995331224389269 0.432629522346917
0.9991911939600753 0.0031822089553280386 -0.04008530410575274 -0.04718247653549895 -0.003041763743003182 0.999989022154647 0.0035641612634992018 -0.004838971986962195 0.04009620596038731 -0.003439348534985512 0.9991899045206158 0.5688924256880348
0.9991596419968687 0.0011679760509326147 -0.04097127649927621 -0.04826029091058772 -0.0010532869885066993 0.9999954670245753 0.002820729705850054 -0.005217400196410283 0.04097438532248578 -0.002775204766872221 0.9991563430448454 0.6453237299813859
0.9993855135134003 0.0019130463661153167 -0.03499908128878714 -0.03619454477358133 -0.0017774505168548123 0.9999907958858831 0.0039049729890709797 -0.0037988698374001773 0.03500622954729871 -0.003840364303856388 0.999379715400179 0.46051939570343225
0.9993952219720267 0.00682244380548737 -0.03409757128806013 -0.0445503261067199 -0.006659289779778351 0.9999658399811998 0.00489619438572885 -0.006596850998322662 0.034129810530565734 -0.0046661676303868605 0.9994065152499871 0.5322286929653507
0.9993631062443209 0.004375385365370029 -0.035415219763116866 -0.04220108413170503 -0.004392477645586249 0.9999902710765411 -0.00040483456866496534 -0.006197271160200794 0.035413103903758326 0.0005601373041200129 0.9993726023009152 0.5072695525171563
0.9995830186621047 0.006417504406612947 -0.028153230569030963 -0.03682614105056462 -0.006431649730716896 0.9999792318872248 -0.0004119145334242825 -0.007608600741450393 0.02815000241604404 0.0005928145009868332 0.9996035343521135 0.4740464320933746
0.999552617951216 0.00242594041602143 -0.029810715496920808 -0.03650548608101199 -0.002469525592646651 0.9999959349253575 -0.0014253336779114542 -0.009124024734442735 0.029807136539555485 0.0014983143341899777 0.9995545456171688 0.5877462890875699
0.9995218382300816 0.004066486047758773 -0.030652218560759725 -0.03506447711363125 -0.004026295688210173 0.9999909521658844 0.001372781010202391 -0.005786723062968341 0.030657523619893046 -0.001248709691743989 0.9995291675990705 0.4529738553537149
0.9995307716622276 0.00389865435655882 -0.03038152247433054 -0.036839821963607626 -0.0038924414209335263 0.9999923896678636 0.00026363750604042413 -0.007493687492601078 0.030382319092438742 -0.00014525549240960263 0.9995383401861798 0.5186779855896662
0.9995986065140384 0.0033515173103563388 -0.028131711941783998 -0.03371945175021994 -0.003294180639566641 0.9999924021130112 0.0020842482407241627 -0.007279782598763893 0.028138483594021813 -0.0019907406996993 0.999602052179818 0.5416761878599746
0.9996943557990933 -0.0026436819216642785 -0.024580599626937996 -0.02356890737971896 0.0027111650991911737 0.9999926460370879 0.0027124627764427427 -0.007086481660972113 0.024573247972697596 -0.0027782757972752144 0.9996941715426386 0.6521244543416144
0.9997569814365722 -0.0036426412196307587 -0.021741877574152288 -0.018972059195867714 0.0037299108218183954 0.9999851446821354 0.003974692531234575 -0.00704466154191072 0.021727076213003474 -0.00405482187051624 0.9997557164555442 0.6707629810756284
0.9998313624413476 0.0029870571252393007 -0.018119718018489963 -0.0251096707950074 -0.002920836926617465 0.9999889632508601 0.0036799577370841456 -0.011085830668211583 0.01813051027928173 -0.0036264124185170594 0.9998290522598439 0.7168928504609283
0.9999221897736816 0.004335796084590433 -0.011696806111017118 -0.01981875619181249 -0.00430030710720432 0.9999860793657943 0.003057520873297672 -0.011700023005874666 0.011709900070863337 -0.003006983109326226 0.9999269154770404 0.6713061969398144
0.9999478781351555 0.003915145134046758 -0.009429350333345143 -0.017056826509253033 -0.003913386371359986 0.9999923216687467 0.00020496362606483478 -0.011686328027773293 0.00943008039404013 -0.000168052250522618 0.9999555216802896 0.6089385288633743
0.9999785107514292 0.004396638971633093 -0.004862879917576895 -0.012444464466025176 -0.0043946107233395985 0.9999902521894387 0.00042769461851447645 -0.014514980101932275 0.004864712933972998 -0.00040631496343936644 0.9999880846671187 0.7036331012383497
0.99999414471653 -0.0009138413834313795 -0.0032977912667416054 -0.0037062786482384776 0.0009116663725998066 0.9999993659856571 -0.0006609786532435244 -0.012582603339395593 0.0032983932055077503 0.0006579682977933929 0.9999943438243118 0.6885327544730093
0.9999961019561493 -0.0021017679059269355 -0.001838109008373357 -0.0008236804826681128 0.0020991513839598154 0.9999967825206766 -0.0014242584793726903 -0.011859963171756686 0.0018410965548464242 0.0014203944587546525 0.9999972964180648 0.6650817019524047
0.9999973719442251 -9.05045251523385e-05 -0.0022908325578920885 -0.004552195721099772 8.68451375272327e-05 0.9999987202981605 -0.001597454248952424 -0.014607225007522845 0.0022909742031413916 0.001597251103094071 0.9999961001056263 0.794231445914183
0.9999926129952833 -0.003652644150897803 -0.0011967228894311066 0.00016694499877448546 0.0036502889383168997 0.999991408302868 -0.00196436026015878 -0.017988470434563492 0.001203887716515767 0.001959977365124878 0.9999973545680662 1.0624497931956551
0.9999925800042854 -0.003384701408915709 -0.0018394932784189806 -0.00024048667866684954 0.003380789502410041 0.9999920260405797 -0.002125587114259499 -0.01551238113590592 0.0018466730867315588 0.002119352404013068 0.9999960490648833 0.9010528988469032
0.999995011190979 -0.0031384639184265637 -0.00035726377023493684 0.0006275321693611255 0.0031382743064539433 0.9999949351210101 -0.0005300629391818985 -0.01730731899025349 0.0003589255441438005 0.0005289391030900547 0.999999795697919 1.0603172470376188
0.9999979241004744 -0.0006895499868737063 0.0019173721048431876 0.0004121232797695386 0.0006866606454911653 0.9999986284548125 0.001507178093138997 -0.013579026669264933 -0.001918408749657377 -0.001505858380494965 0.9999970260449468 0.8467909905804075
0.9999949018486016 -0.002393748918261465 0.002113348985992485 0.002604307631010604 0.0023849782780497627 0.999988573956219 0.004142926247792111 -0.011620550088334736 -0.0021232419630141507 -0.004137864835604965 0.9999891849016773 0.9025715671428503
0.9999972977411556 -0.0011209283604515995 0.0020366712887143544 0.001104028384734509 0.0011169299146844348 0.999997448949661 0.0019633037666394204 -0.01168245028083829 -0.0020388668159595715 -0.0019610236421707928 0.9999959986961419 0.7364068935398237
0.9999949073253851 0.0029339629609663074 0.001255859981757018 -0.005684628494128407 -0.002932371915336668 0.9999948981054104 -0.0012668692730072174 -0.018102611036339738 -0.0012595705221406547 0.0012631801725893625 0.9999984089276561 0.9951489910954542
0.9999897382117992 0.00310801197828785 0.003296018060063984 -0.004294898808212802 -0.003082840030365558 0.999966254462924 -0.007614856575783 -0.01906802302636165 -0.0033195738968464597 0.007604617338524613 0.9999655745236281 0.9439463992397827
0.9999809333393745 0.0037012531852418096 0.004943044051376479 -0.0025951344051892847 -0.003680191919522513 0.9999841409181305 -0.004263109342086633 -0.01950878643743291 -0.004958744505476385 0.004244836708972735 0.9999786958812626 1.0608128933101626
0.9999913431515908 -0.0012407559800061807 0.0039716679776238 0.0031756202439442473 0.0012336474696498401 0.9999976338620264 0.0017917545262668758 -0.013316711041043606 -0.00397388171024629 -0.0017868393771825694 0.9999905076895714 0.8866656966075112
0.999991701262795 -0.00157926270453632 0.0037554408839975653 0.0033845604803434274 0.0015699469333925425 0.9999956868116295 0.002482262170287246 -0.012844247254442635 -0.0037593448298169105 -0.0024763457282391778 0.9999898674686521 0.8741204294004037
0.9999913159624569 -0.0020633828160515305 0.0036208354872654903 0.003864868432881862 0.002051406788647518 0.9999924239607973 0.003308133910991774 -0.012368090138262632 -0.003627634002887935 -0.0033006773759315087 0.999987972826903 0.9036464693277891
0.9999941489820934 -0.001162339442294058 0.003217292073990636 0.002378657792422258 0.0011552285441990718 0.9999968880407525 0.0022111887427818475 -0.014235525495843785 -0.0032198522138668297 -0.0022074590973390675 0.9999923798087914 0.9566628942213649
0.9999968365748217 -0.0012289792887244756 0.002194641155918121 0.001345737748970287 0.0012241529886073176 0.9999968326546722 0.002199120194394958 -0.013007566257862185 -0.0021973368780974657 -0.0021964266609195556 0.9999951736982908 0.8580319787323304
0.9999949536318127 0.002124410537076134 0.002362115528566828 -0.00309434169579126 -0.0021278667541910416 0.9999966678930076 0.001461637880066772 -0.01600798549589691 -0.002359002538520282 -0.0014666567717081932 0.999996142004641 0.9349919377461479
0.9999953764095068 -0.002530666465565686 0.001686086029988989 0.002209598614250617 0.002536347382243202 0.9999910856998311 -0.0033757164257136063 -0.014557707087483098 -0.0016775281866635828 0.0033799773180164783 0.9999928808003387 0.8667118870058752
0.9999995645899884 4.078389495997477e-05 0.0009322855942680447 -0.0022109807819354005 -3.756988044676033e-05 0.9999940576328554 -0.003447214297788979 -0.01696630114377311 -0.0009324206451227062 0.003447177770975764 0.9999936237576774 0.9354934344891689
0.9999982808902041 0.00026501035309355443 -0.0018352072250839165 -0.004831852844396155 -0.00027464543960188263 0.9999861710955423 -0.005251874219079462 -0.014613825963759096 0.0018337900448941445 0.005252369221911084 0.9999845247934174 0.7731776427422894
0.9999975667661337 -0.002205624790615502 4.100859853447341e-05 6.2503382218352056e-06 0.002205828740346865 0.9999800802655342 -0.005913830966494718 -0.014784353931908061 -2.796409110276197e-05 0.005913907034696639 0.9999825123100807 0.83811605132869
0.999979122397522 0.006358205643446278 0.001152382943623216 -0.010665308639791888 -0.006356567687922556 0.9999787893119106 -0.0014194963289170365 -0.019880808534169687 -0.001161383951139626 0.001412141492414256 0.9999983285203196 0.9986626947290883
0.9999891509033605 0.004650368025648506 0.0002686154195780061 -0.009910902878480968 -0.004652024046078611 0.9999678319949598 0.006534037943642473 -0.014055539774045018 -0.00023822109964366313 -0.00653521666054609 0.9999786168697552 1.038786061915227
0.9999881617524565 -0.004320272364395289 -0.002238660598419177 -0.0009008131541773548 0.004339156991217746 0.9999544544567525 0.00850063099412994 -0.00910026458236757 0.002201833595673915 -0.008510244261490899 0.9999613630887116 1.070906293463215
0.999994584993454 0.0011488438280839134 -0.0030838516200230323 -0.008799771532125081 -0.0011265653629724578 0.9999733277546222 0.007216275065418248 -0.011632011023168073 0.0030920597404636143 -0.007212761828557762 0.999969207140268 0.9882625069671733
0.9999968242949211 0.0004963839246033655 -0.0024708304378181487 -0.006846425257458299 -0.0004957142998405947 0.9999998402457391 0.00027161706177316984 -0.016066246493411426 0.002470964869435989 -0.0002703913732131654 0.9999969106057779 1.0238223356220826
0.9999982309691372 -0.0018774945716166828 0.00011433704117381634 -0.0007997865115739861 0.0018782688183509263 0.9999723389086582 -0.007196772010958091 -0.018622473757836374 -0.00010082197897834261 0.007196974035332421 0.9999740963660108 1.0286428965379797
0.9999971812010245 -0.0021401041901859133 -0.001028369486995844 -0.0020683586977275443 0.002131455521482902 0.9999629596538671 -0.008338837703221223 -0.020415780643679785 0.0010461773781608211 0.008336622273791252 0.9999647024964029 1.085070530646942
0.9999986128889129 -0.00021313637249107417 -0.0016519059146324028 -0.00452254173566988 0.00020729359939889705 0.9999937255967889 -0.0035363535570865938 -0.01697235913790809 0.0016526492754739036 0.003536006222250196 0.9999923826762106 0.961984075712396
0.999992011573232 0.0027557485400035255 -0.0028952790222405433 -0.010935076688685264 -0.0027517610342131147 0.9999952612444624 0.0013803261827437575 -0.018196805717430268 0.0028990691338676433 -0.0013723480405677057 0.9999948560165695 1.1213515405926797
0.9999921148777063 -0.0014352284230247398 -0.0037027425550037675 -0.005798200549202707 0.0014498538489790519 0.9999911467474917 0.003950234318954739 -0.013491139731132354 0.0036970402853491523 -0.0039555716062017006 0.9999853425663755 1.0397875077665435
0.9999946331635414 0.0024834894289940393 -0.002136802204494268 -0.009844031477646124 -0.0024695611697790063 0.9999758487015953 0.006496405002919622 -0.013413756796418977 0.002152884352160247 -0.0064910931736737705 0.9999766151242173 1.0658251786602113
0.9999975032494053 -0.0014508647169682676 -0.0016995549442056972 -0.0031508769098123435 0.0014626435832710471 0.9999747791772466 0.006949941583150166 -0.009999535990072557 0.0016894286559761774 -0.006952410073775883 0.9999744045873866 0.897593233196868
0.9999944768068407 0.0032561746302620957 0.00066609553909082 -0.007183964434670261 -0.0032559029695149707 0.9999946160898094 -0.00040851916435213036 -0.01964051771992654 -0.0006674221625498971 0.0004063481657112182 0.9999996947143847 1.1555534355967623
0.999999894898685 -0.00024677242880079796 -0.0003864013278923095 -0.003452900722829786 0.00024415911216722243 0.9999771973076432 -0.0067487221634649885 -0.018696013515089697 0.00038805791546997037 0.006748627110759757 0.9999771524604623 1.0276563574797903
0.999999906006138 -0.000412755097812672 0.00013274376556112605 -0.00290892645525413 0.00041383509203401353 0.999965952584908 -0.008241504596331776 -0.02015648386867589 -0.00012933752226981614 0.008241558755720076 0.9999660294068238 1.0666632280723702
0.9999961709286092 0.0024877842500011698 -0.0012120469175950492 -0.007933337820059828 -0.0024888195806316944 0.9999965387009763 -0.0008534419949848818 -0.018051889727006026 0.0012099195428084554 0.0008564552931622373 0.999998901288924 1.0238860295510035
0.9999974363129337 -0.0021057462437115413 -0.0008325868631799484 -0.00163572829095366 0.002110266354317354 0.9999828351499064 0.005465911202015606 -0.012324878777226447 0.0008210627512445283 -0.005467654168981272 0.9999847151918023 1.0668255656964014
0.9999992145398799 0.0012533404920077264 -7.569911063102054e-06 -0.00584656628261262 -0.0012532560652600054 0.9999744011243988 0.007044604133125382 -0.013192875642575617 1.6399004502759324e-05 -0.0070445891128334825 0.9999751864408899 1.1758667245174503
0.9999997153401908 -0.00045051676562455674 -0.0006052720035526464 -0.002873923509811059 0.00045041640864310913 0.9999998847960025 -0.00016593085089800557 -0.015665732237821507 0.0006053466884509158 0.00016565817923024694 0.9999998030563637 0.9634270899352375
0.9999980106224121 -0.0008146141064328512 -0.0018207567820457983 -0.0038225832861386293 0.0008077745529296602 0.9999926273951983 -0.0037540186733643066 -0.016638026715842424 0.0018238014347522734 0.003752540444276281 0.9999912960567926 0.9417759692896104
0.9999969652275349 -0.0023460714232949923 -0.0007519865406618709 -0.000860068875033171 0.0023417478318341852 0.999981014197544 -0.0056997768631548654 -0.016875623940674565 0.000765344349059881 0.005697998602531789 0.9999834733911255 0.9527034491708597
0.9999988755772515 0.0014851516867266574 -0.00020777062171671915 -0.005540950466479081 -0.0014858535521953624 0.9999930488379999 -0.003419724327812196 -0.018884398055219347 0.0002026903679606171 0.0034200291993220053 0.9999941311410442 1.0300377990526473
0.9999983720729764 0.0017785116188988115 -0.0003045448673292555 -0.006183587205151343 -0.001780442186351281 0.9999775437018465 -0.006460813749142914 -0.018382402469127014 0.0002930473952031232 0.006461345455978606 0.999979082348731 0.909283397113071
0.9999952529714949 0.0030722494900151985 -0.00023519558567742418 -0.007323803499514868 -0.003072553914251398 0.9999944280282347 -0.0013051146475013718 -0.017267718977709307 0.00023118463711762447 0.0013058311032463456 0.999999120678956 0.9278146440495311
0.9999978962662698 -0.0018712616020508464 0.0008401445314572553 0.00048359484181375624 0.001867851488200823 0.9999900884053444 0.004041561686225046 -0.012304746586680853 -0.0008476990238719176 -0.004039983918560365 0.9999914799314147 0.9364984266183648
0.9999992936041061 -0.000928199611924424 0.0007424531664799214 -0.00143564133689468 0.0009232846323168842 0.9999778390967793 0.006593091747483668 -0.011342123235178204 -0.0007485564185284829 -0.006592401594520249 0.9999779897090164 1.0083584091163644
0.9999994113642013 -0.00100359595664763 0.00041239099299527417 -0.0010315122205536685 0.0010041640051452355 0.999998544232411 -0.0013795606266407549 -0.015794422827161925 -0.00041100587109405077 0.0013799739227997323 0.9999989633724693 0.946477236318799
0.9999994576354678 -0.0010113226571734017 0.0002489081279035864 -0.0012550440138448136 0.0010115142614823748 0.9999991913058385 -0.0007708609290808349 -0.016212402605120354 -0.00024812833749191974 0.000771112285113739 0.9999996719090329 0.9688194930839655
0.9999976629972248 -0.0021021267614551235 -0.0005050378685649509 -0.0006471317577339681 0.002101441132240513 0.9999968749084007 -0.0013542963887477667 -0.01614295239403121 0.0005078831929077232 0.0013532319164214711 0.9999989554084939 0.961678897218724
0.9999990965195539 0.0012005588168796189 -0.0006046641830003352 -0.0050751319852466404 -0.0012017740645941155 0.9999972508707765 -0.0020134523852506072 -0.016368031009342685 0.0006022452529159461 0.002014177235800025 0.9999977901931267 0.9226465110388694
0.9999993496821016 0.0011289125098646326 -0.00016183988848100404 -0.004650025241781086 -0.001129258992291715 0.9999970359842439 -0.0021570345164721727 -0.016841059956876757 0.0001594043059666467 0.0021572158728312696 0.9999976605026505 0.9408207440327929
0.9999971696849379 -0.0016866177344429913 -0.0016780772394961734 -0.0022216545521757803 0.0016912254492548627 0.9999947935341068 0.002748210701697487 -0.013042931313213268 0.001673433322139067 -0.002751040930083429 0.9999948156843692 0.9049522601779136
0.9999989099937356 0.001229445463758654 -0.0008176033004544944 -0.006094560548426836 -0.0012239355211235824 0.9999767666121466 0.006705834549373674 -0.011681078077940828 0.0008258287627606334 -0.00670482654623406 0.9999771813932056 0.9410279297195167
0.9999750553209447 0.006997586957812102 -0.0009604727783966906 -0.01480942025666389 -0.006998419779850556 0.9999751353453349 -0.0008664911977534586 -0.022317277654280716 0.000954385548496827 0.0008731913757279628 0.9999991633420946 1.2110413268846847
0.9999937460865671 0.0006961308624752457 -0.0034674473127337046 -0.00750817007342928 -0.0007009986800355653 0.9999987703131638 -0.0014028447043346194 -0.016248347844743855 0.003466466485466593 0.0014052666068048302 0.9999930043941867 0.929864343151716
0.9999947024963053 0.0027935071194096026 -0.0016707178771369108 -0.008326298341195274 -0.002790794564962942 0.999994787486687 0.0016237198225561304 -0.015745340612623743 0.0016752450409866326 -0.0016190485909311904 0.9999972861144109 0.8987404979187245
0.9999980446526596 0.0010783370710709887 -0.001657673118688306 -0.006669376478152691 -0.0010721525222381686 0.9999924790802834 0.0037272338824842753 -0.014727438893561949 0.0016616798657762292 -0.003725449316100611 0.9999916798894154 1.0146181041609588
0.9999883198609161 0.004180633746924124 -0.0024253750354017024 -0.011558638177197454 -0.004177821598957409 0.9999905961335908 0.0011633794540866953 -0.01638444533483812 0.0024302158907297954 -0.0011532330818118481 0.999996382045678 0.9467184500718814
0.9999930197156381 0.002988227450908846 -0.0022429931312890044 -0.009411230331043748 -0.0029964201123236244 0.9999888197222718 -0.0036581278474538074 -0.01777076133126583 0.002232036737116418 0.0036648232616989015 0.9999907934998326 0.9194315201459375
0.9999914776723489 0.0023855586276076727 -0.003369524169225565 -0.01054069760410608 -0.002388816466450475 0.9999966829331305 -0.0009631608325309594 -0.018124366338505046 0.003367215315711739 0.0009712017987798725 0.9999938592953392 1.0425973331534868
0.9999993461852352 -0.0007585046715151547 -0.0008557451736261403 -0.0030032487991614037 0.0007589197018359348 0.9999995945181996 0.00048477246751130133 -0.01533607875299432 0.000855377124466163 -0.000485421592413674 0.9999995163478229 1.0003031330971868
0.9999985884386839 0.0008099655444730875 -0.001472099448708087 -0.005108432193746149 -0.0008079160683059776 0.9999987044201034 0.0013922751325497519 -0.013160362451160148 0.001473225236239608 -0.0013910838346087677 0.9999979472447177 0.7998373380704465
0.999988837676238 0.00471524806987769 0.0003015949312474322 -0.008670109769113254 -0.004714948783690251 0.9999883989815594 -0.000985475133149812 -0.014683032212824285 -0.00030623819196376803 0.0009840421283631839 0.999999468939511 0.7424966527929476
0.999999274501711 0.0011935411658056318 -0.00016265065913797833 -0.004114564615816307 -0.0011930771242135505 0.9999953012444018 0.002823836778143304 -0.01124942555144268 0.00016602026101958085 -0.0028236406746333298 0.9999959997364781 0.6654035081624486
0.9999994053292066 0.00096447809957063 0.0005090413952358018 -0.0037102944545161437 -0.000966486608812979 0.9999916909942216 0.00396028344231614 -0.012786445348099348 -0.0005052175586815779 -0.003960773068978682 0.9999920284836049 0.8583294775275694
0.9999993059746843 0.0005190586574683975 0.0010576522435410106 -0.0022596803367180775 -0.0005215490190186761 0.9999970893300396 0.00235569906932053 -0.013394525242726739 -0.0010564264190755953 -0.0023562490518924477 0.999996666021276 0.8342434251015023
0.9999989045171067 0.0012296002610289953 0.0008240435930014589 -0.003356252320742525 -0.0012311175564682425 0.999997543276389 0.001843309762379791 -0.01248580021588766 -0.0008217750344498129 -0.0018443222375730346 0.9999979615786153 0.7340513250532114
0.9999882079591068 0.0017275609253731674 0.004538664661970682 -0.0006831688571734087 -0.0017366255720418665 0.9999965039931175 0.0019940244335037594 -0.013175473139284449 -0.0045352039962087585 -0.0020018828806909594 0.9999877121198112 0.7982695319483974
0.9999795507041883 0.003646115282646229 0.005253952888306622 -0.0026297366467288768 -0.0036560986890446117 0.9999915269434878 0.0018918206389948581 -0.014053923596098115 -0.005247010575828694 -0.0019109909209136119 0.9999844083768942 0.7600090904932872
0.9999656965409536 0.00010733101897617319 0.00828216251153565 0.004557983885888458 -0.00012127189641869224 0.9999985768094525 0.0016827572511652219 -0.011125206732133578 -0.008281970112374228 -0.0016837039204015817 0.9999642864154636 0.6896929141105614
0.9999414038363597 -2.1790375664103676e-05 0.010825359356421912 0.00650140857371191 3.0129807501046477e-05 0.9999997029434168 -0.0007701981583723565 -0.010918834538001455 -0.010825339357768096 0.0007704791937415552 0.9999411074537227 0.6870565399786528
0.9999131832245067 -0.0005254226854359142 0.013166243147279055 0.010507042480489014 0.0005606662797900672 0.9999962696420557 -0.002673266894216952 -0.012866915574660952 -0.013164789437524239 0.002680416677802034 0.999909747777179 0.8356238766929065
0.9999287296850864 -0.001567155244211926 0.01183552195341221 0.00994608813644058 0.0015860918756879397 0.999997476885078 -0.0015907659225301695 -0.008532569707092486 -0.011832999113962616 0.0016094247726891765 0.9999286924020995 0.6153898554373575
0.9997992765898446 -0.0017820056286558458 0.019955725347312016 0.01915926996902842 0.0017660521210412297 0.9999981067511059 0.0008170397752557234 -0.005699867015883025 -0.0199571435356786 -0.0007816329240909914 0.9998005308358858 0.43174844630746284
0.9996957107095116 -0.0028876400553457713 0.02449790868872888 0.027927142509281147 0.00287267724767216 0.9999956652278907 0.0006459496476691502 -0.005902247405363845 -0.02449966776593597 -0.0005753785079231464 0.9996996725142289 0.5757877182541938
0.999601824323106 -0.0021241695014349955 0.028136819590726666 0.030491383405724045 0.002081288495479468 0.9999966278731506 0.0015532159229648306 -0.006352408787064581 -0.028140024004085554 -0.0014940366240290366 0.9996028745490407 0.5450989399335799
0.9996607318681304 0.002828507408401485 0.025892483990169878 0.019907354943037886 -0.002837130335989343 0.9999959314413602 0.00029629787123392555 -0.008787653528037296 -0.02589154056438501 -0.0003696576963985391 0.9996646895337548 0.5177975751861813
0.9995552385274237 -0.0012041426606284702 0.029797235326888376 0.028773135938366785 0.0012607113003770857 0.9999974385918846 -0.0018797385547503973 -0.005087200669162722 -0.02979489553078197 0.001916468228269956 0.9995541963346806 0.45140956055031456
0.9994786175536586 0.0030049757173105274 0.03214751971662249 0.026588031530049343 -0.0029611680482082114 0.9999946213521367 -0.001410230136992982 -0.008218529876550494 -0.03215158451433659 0.0013143006457377066 0.9994821399494883 0.5103569336981131
0.9991069892687161 1.3295542790187614e-05 0.04225190608446064 0.04334304744407212 7.464588494337528e-05 0.9999978344660776 -0.002079781368605209 -0.007640155226703253 -0.04225184223833797 0.0020810780326259394 0.9991048246761813 0.542305976238483
0.9989887766494038 0.0069393540934711475 0.044421498922815356 0.03583732848441325 -0.006770736098106281 0.9999692957978461 -0.003945199167845434 -0.010390925582030924 -0.04444751212918516 0.003640443455074258 0.9990050880296113 0.5403610113012643
0.9987476962198125 0.00032112219037150916 0.05002935559825105 0.048857758993075734 -0.00010555994186501233 0.9999907007396374 -0.004311298316059767 -0.00530569148940259 -0.0500302748157161 0.004300618166059075 0.9987384425025841 0.46250721645780263
0.999111265382546 0.006099876990748262 0.041706964022621654 0.03504718035886615 -0.005984592215864618 0.9999779204896257 -0.0028884577717987166 -0.010468003255894066 -0.04172366239073853 0.002636291521700837 0.9991257107721426 0.5766861546437388
